47.989250	0.245413	73	168	147	100662
47.989307	0.245368	54	169	122	100643
47.989307	0.245368	54	170	145	100646
47.989307	0.245368	54	170	147	100646
47.989307	0.245368	54	170	150	100649
47.989307	0.245368	54	170	132	100646
47.989307	0.245368	54	170	150	100637
47.989307	0.245368	54	170	147	100646
47.989307	0.245368	54	170	147	100652
47.989307	0.245368	54	170	145	100646
47.989307	0.245368	54	170	147	100643
47.989307	0.245368	54	170	147	100646
47.989307	0.245368	54	170	147	100646
47.989307	0.245368	54	170	147	100660
47.989307	0.245368	54	170	147	100643
47.989307	0.245368	54	170	145	100657
47.989307	0.245368	54	170	145	100649
47.989307	0.245368	54	170	147	100643
47.989307	0.245368	54	171	147	100646
47.989307	0.245368	54	171	150	100646
47.989307	0.245368	54	171	150	100657
47.989307	0.245368	54	171	147	100652
47.989307	0.245368	54	171	147	100657
47.989307	0.245368	54	171	150	100652
47.989307	0.245368	54	171	147	100646
47.989307	0.245368	54	172	147	100649
47.989307	0.245368	54	172	150	100647
47.989307	0.245368	54	172	152	100641
47.989307	0.245368	54	173	150	100644
47.989307	0.245368	54	173	145	100650
47.989307	0.245368	54	173	142	100632
47.989307	0.245368	54	173	142	100650
47.989307	0.245368	54	173	145	100641
47.989307	0.245368	54	173	210	100635
47.989307	0.245368	54	173	142	100641
47.989307	0.245368	54	173	147	100644
47.989307	0.245368	54	174	150	100653
47.989307	0.245368	54	175	155	100644
47.989307	0.245368	54	175	157	100633
47.989307	0.245368	54	175	157	100641
47.989307	0.245368	54	175	155	100644
47.989307	0.245368	54	175	152	100638
47.989307	0.245368	54	176	155	100641
47.989307	0.245368	54	176	182	100633
47.989307	0.245368	54	176	175	100647
47.989307	0.245368	54	176	162	100639
47.989307	0.245368	54	176	160	100639
47.989307	0.245368	54	176	152	100630
47.989307	0.245368	54	176	147	100642
47.989307	0.245368	54	176	147	100633
47.989307	0.245368	54	177	150	100645
47.989307	0.245368	54	177	152	100633
47.989307	0.245368	54	177	147	100636
47.989307	0.245368	54	177	145	100636
47.989307	0.245368	54	178	145	100633
47.989307	0.245368	54	178	35	100630
47.989307	0.245368	54	178	142	100636
47.989307	0.245368	54	178	145	100621
47.989307	0.245368	54	178	142	100633
47.989307	0.245368	54	178	142	100622
47.989307	0.245368	54	178	150	100636
47.989307	0.245368	54	179	150	100622
47.989307	0.245368	54	179	150	100639
47.989307	0.245368	54	179	152	100628
47.989307	0.245368	54	180	147	100633
47.989307	0.245368	54	180	147	100628
47.989307	0.245368	54	180	147	100633
47.989307	0.245368	54	180	147	100631
47.989307	0.245368	54	180	145	100631
47.989307	0.245368	54	180	145	100628
47.989307	0.245368	54	180	147	100631
47.989307	0.245368	54	180	150	100625
47.989307	0.245368	54	180	152	100625
47.989307	0.245368	54	180	152	100628
47.989307	0.245368	54	181	155	100616
47.989307	0.245368	54	181	160	100628
47.989307	0.245368	54	182	162	100619
47.989307	0.245368	54	182	165	100619
47.989307	0.245368	54	182	160	100619
47.989307	0.245368	54	182	157	100625
47.989307	0.245368	54	183	155	100637
47.989307	0.245368	54	183	155	100625
47.989307	0.245368	54	183	150	100631
47.989307	0.245368	54	183	150	100628
47.989307	0.245368	54	183	150	100631
47.989307	0.245368	54	183	145	100625
47.989307	0.245368	54	183	142	100631
47.989307	0.245368	54	183	145	100634
47.989307	0.245368	54	183	147	100622
47.989307	0.245368	54	183	150	100637
47.989307	0.245368	54	184	152	100625
47.989307	0.245368	54	184	150	100631
47.989307	0.245368	54	184	155	100628
47.989307	0.245368	54	184	157	100620
47.989307	0.245368	54	185	157	100623
47.989307	0.245368	54	185	200	100634
47.989307	0.245368	54	185	155	100623
47.989307	0.245368	54	185	155	100631
47.989307	0.245368	54	185	152	100620
47.989307	0.245368	54	185	152	100623
47.989307	0.245368	54	185	162	100623
47.989307	0.245368	54	185	162	100626
47.989307	0.245368	54	186	177	100632
47.989307	0.245368	54	186	175	100626
47.989307	0.245368	54	186	175	100626
47.989307	0.245368	54	186	182	100629
47.989307	0.245368	54	186	185	100626
47.989307	0.245368	54	186	187	100629
47.989307	0.245368	54	186	190	100632
47.989307	0.245368	54	186	190	100623
47.989307	0.245368	54	186	185	100620
47.989307	0.245368	54	186	187	100623
47.989307	0.245368	54	187	185	100629
47.989307	0.245368	54	187	187	100626
47.989307	0.245368	54	187	187	100620
47.989307	0.245368	54	187	190	100623
47.989307	0.245368	54	188	162	100629
47.989307	0.245368	54	188	182	100620
47.989307	0.245368	54	188	180	100626
47.989307	0.245368	54	188	180	100620
47.989307	0.245368	54	188	185	100629
47.989307	0.245368	54	188	185	100612
47.989307	0.245368	54	190	155	100623
47.989307	0.245368	54	190	152	100612
47.989307	0.245368	54	190	160	100621
47.989307	0.245368	54	190	160	100615
47.989307	0.245368	54	190	157	100626
47.989307	0.245368	54	190	162	100629
47.989307	0.245368	54	190	160	100618
47.989307	0.245368	54	190	167	100624
47.989307	0.245368	54	191	172	100621
47.989307	0.245368	54	191	177	100618
47.989307	0.245368	54	191	192	100627
47.989307	0.245368	54	191	172	100621
47.989307	0.245368	54	191	177	100624
47.989307	0.245368	54	191	175	100594
47.989280	0.245262	61	191	145	100418
47.989303	0.245203	68	191	137	100227
47.989353	0.245183	79	192	132	99992
47.989433	0.245265	102	192	130	99813
47.989585	0.245388	159	192	122	99112
47.989646	0.245372	185	192	120	98871
47.989685	0.245357	205	192	122	98570
47.989799	0.245358	231	192	30	98373
47.989856	0.245422	250	193	112	98098
47.989803	0.245625	281	193	107	97843
47.989818	0.245723	297	193	110	97715
47.989864	0.245828	307	193	110	97567
47.989952	0.246032	333	194	102	97237
47.990146	0.246143	385	195	102	96605
47.990356	0.246168	418	195	102	96208
47.990596	0.246683	542	196	92	94790
47.990711	0.246850	558	196	90	94645
47.990776	0.246987	571	196	90	94444
47.990833	0.247218	586	196	87	94329
47.991771	0.248752	733	198	75	92625
47.991836	0.248833	747	198	77	92406
47.991901	0.248913	762	198	77	92291
47.991977	0.248997	777	198	77	92084
47.992080	0.249115	797	198	72	91893
47.992168	0.249185	812	198	70	91669
47.992275	0.249245	833	198	72	91498
47.992351	0.249288	848	198	80	91296
47.992771	0.249920	937	199	62	90354
47.992855	0.250058	952	199	57	90131
47.992958	0.250150	967	199	60	90010
47.993053	0.250252	982	199	55	89823
47.993183	0.250358	1001	199	60	89652
47.993286	0.250483	1017	200	60	89408
47.993644	0.251270	1086	200	52	88650
47.993743	0.251528	1107	200	52	88473
47.993827	0.251717	1123	200	52	88241
47.993949	0.251975	1144	200	50	88072
47.994033	0.252165	1161	200	50	87837
47.994220	0.252733	1216	200	45	87282
47.994270	0.252917	1233	200	42	87041
47.994392	0.253162	1255	200	45	86856
47.994487	0.253318	1272	200	42	86626
47.994567	0.253445	1289	200	42	86492
47.994625	0.253582	1305	200	37	86275
47.994869	0.254323	1365	200	37	85698
47.994911	0.254528	1381	200	97	85471
47.995006	0.254898	1413	200	30	85128
47.995071	0.255122	1435	200	32	84937
47.995105	0.255282	1451	200	32	84726
47.995861	0.257165	1628	201	20	82881
47.996246	0.257900	1686	201	17	82305
47.996387	0.258108	1703	201	15	82088
47.996528	0.258325	1718	201	12	81980
47.996650	0.258577	1734	201	10	81785
47.996776	0.258875	1755	201	10	81595
47.996856	0.259097	1772	201	5	81376
47.997261	0.259787	1826	201	5	80867
47.997402	0.260063	1842	201	0	80682
47.997589	0.260453	1862	201	0	80514
47.997745	0.260730	1878	201	5	80310
47.997966	0.261057	1899	201	5	80139
47.998115	0.261265	1916	201	0	79932
47.998619	0.262033	1983	201	0	79254
47.998832	0.262230	2003	201	0	79108
47.998996	0.262380	2017	201	-5	78934
47.999141	0.262517	2031	201	-5	78823
47.999271	0.262645	2046	201	-2	78623
47.999408	0.262845	2066	201	-7	78464
47.999496	0.263032	2080	201	-7	78275
47.999660	0.263320	2100	201	-7	78126
47.999801	0.263497	2116	201	-10	77929
47.999946	0.263677	2131	201	-12	77804
48.000091	0.263875	2147	201	-10	77610
48.000286	0.264145	2169	201	-10	77442
48.000411	0.264357	2184	201	-7	77257
48.000579	0.264607	2205	201	-10	77082
48.000686	0.264775	2220	201	-15	76913
48.000823	0.264933	2234	201	-17	76808
48.000984	0.265108	2249	201	-12	76634
48.001201	0.265352	2268	201	-15	76494
48.001598	0.265737	2300	201	-12	76177
48.001739	0.265865	2314	201	-12	76007
48.001853	0.266027	2328	201	-15	75898
48.001968	0.266203	2341	201	-20	75747
48.002098	0.266458	2358	201	-17	75614
48.002208	0.266620	2372	201	-22	75442
48.003738	0.268252	2523	201	-32	74023
48.003925	0.268367	2540	201	-32	73886
48.004081	0.268468	2553	201	-27	73701
48.004302	0.268658	2573	201	-25	73572
48.004463	0.268833	2586	201	-22	73409
48.004756	0.269197	2613	201	-32	73153
48.004951	0.269443	2631	201	-30	73017
48.005073	0.269612	2645	201	-37	72849
48.005207	0.269758	2664	201	-40	72712
48.005340	0.269850	2679	201	-37	72528
48.005634	0.270168	2708	201	-40	72241
48.005771	0.270373	2728	201	-45	72112
48.005897	0.270478	2743	201	-42	71921
48.006076	0.270675	2764	201	-42	71769
48.006191	0.270830	2780	201	-47	71575
48.006275	0.270992	2795	201	-47	71482
48.006351	0.271143	2808	200	-50	71326
48.006484	0.271373	2827	200	-52	71190
48.006633	0.271517	2842	200	-47	71009
48.006824	0.271673	2863	200	-52	70837
48.006961	0.271793	2880	200	-50	70650
48.007080	0.271887	2896	200	-52	70537
48.007316	0.272095	2930	200	-60	70248
48.007423	0.272198	2944	200	-57	70074
48.007560	0.272407	2964	200	-57	69940
48.007709	0.272577	2978	200	-65	69779
48.007858	0.272688	2993	200	-65	69661
48.007999	0.272773	3007	200	-60	69502
48.008136	0.272878	3026	200	-60	69376
48.008232	0.273042	3040	200	-62	69212
48.008411	0.273285	3060	200	-65	69068
48.008544	0.273497	3074	200	-65	68908
48.008644	0.273685	3088	200	-65	68800
48.008754	0.273908	3103	200	-65	68654
48.008972	0.274232	3122	200	-60	68518
48.009143	0.274463	3137	200	-57	68361
48.009387	0.274697	3156	200	-62	68237
48.009525	0.274843	3170	200	-65	68050
48.009651	0.275025	3185	200	-67	67959
48.009754	0.275205	3199	199	-72	67797
48.009986	0.275633	3231	199	-70	67521
48.010173	0.275917	3249	199	-67	67396
48.011848	0.277912	3417	198	-85	65938
48.011981	0.278137	3432	198	-85	65755
48.012153	0.278363	3451	198	-92	65636
48.012321	0.278520	3466	198	-85	65462
48.012493	0.278720	3482	198	-90	65342
48.012630	0.278937	3498	198	-92	65164
48.012809	0.279182	3521	198	-92	65023
48.013145	0.279548	3561	198	-95	64694
48.013317	0.279723	3576	197	-95	64548
48.013488	0.279950	3591	197	-95	64457
48.013610	0.280167	3605	197	-97	64286
48.013904	0.280528	3641	196	-95	63973
48.014076	0.280763	3663	196	-97	63823
48.014209	0.280982	3680	196	-97	63644
48.014324	0.281198	3696	196	-97	63555
48.014434	0.281400	3713	196	-100	63379
48.014579	0.281633	3735	196	-100	63231
48.014694	0.281825	3751	196	-100	63058
48.015010	0.282353	3784	196	-105	62779
48.015159	0.282542	3801	196	-470	62667
48.015296	0.282737	3817	196	-107	62498
48.015506	0.283060	3839	196	-107	62364
48.015712	0.283320	3853	196	-107	62222
48.015972	0.283557	3872	196	-105	62093
48.016254	0.283898	3900	195	-112	61857
48.016376	0.284138	3914	195	-110	61712
48.016567	0.284492	3933	195	-107	61593
48.016731	0.284770	3947	195	-110	61451
48.016971	0.285062	3966	195	-107	61315
48.017116	0.285252	3982	195	-115	61151
48.017379	0.285627	4015	194	-115	60894
48.017589	0.285828	4034	194	-125	60777
48.017757	0.285967	4048	194	-127	60625
48.017993	0.286207	4066	194	-127	60516
48.018146	0.286470	4080	194	-125	60361
48.018421	0.287007	4110	193	-122	60118
48.018627	0.287397	4128	193	-130	60020
48.018783	0.287660	4143	193	-127	59847
48.019020	0.287983	4162	193	-132	59739
48.019989	0.289597	4303	191	-137	58603
48.020160	0.289853	4322	191	-140	58468
48.020267	0.290050	4338	191	-142	58297
48.020393	0.290242	4359	191	-142	58169
48.020500	0.290333	4374	191	-147	58034
48.020629	0.290418	4388	191	-140	57944
48.020793	0.290563	4403	191	-145	57796
48.021087	0.290997	4441	191	-152	57507
48.021221	0.291153	4460	191	-150	57394
48.021373	0.291252	4475	190	-152	57253
48.021530	0.291430	4490	190	-152	57154
48.021686	0.291602	4507	190	-152	56974
48.021903	0.291840	4531	190	-157	56833
48.022056	0.292005	4548	190	-165	56656
48.022254	0.292183	4571	190	-165	56530
48.022388	0.292312	4588	190	-167	56352
48.022525	0.292492	4606	190	-167	56243
48.022686	0.292700	4623	189	-165	56092
48.022914	0.293017	4645	189	-165	55967
48.023097	0.293243	4661	188	-167	55803
48.023307	0.293570	4682	188	-165	55699
48.023426	0.293760	4697	188	-172	55540
48.023563	0.293878	4713	188	-175	55447
48.023715	0.293992	4729	188	-167	55303
48.023956	0.294170	4750	188	-170	55184
48.024375	0.294668	4786	188	-162	54911
48.024574	0.294840	4801	187	-165	54771
48.024749	0.294948	4817	187	-175	54677
48.024890	0.295055	4833	187	-182	54539
48.025047	0.295295	4853	187	-177	54419
48.025192	0.295507	4869	186	-175	54241
48.025424	0.295700	4891	186	-177	54128
48.025566	0.295830	4909	186	-180	53949
48.025718	0.296000	4927	186	-182	53834
48.025890	0.296193	4946	186	-185	53673
48.026149	0.296492	4968	186	-187	53575
48.026325	0.296723	4983	186	-190	53415
48.026515	0.296925	5005	186	-190	53284
48.026683	0.297053	5023	185	-190	53117
48.026878	0.297223	5042	185	-190	53010
48.027042	0.297428	5060	185	-192	52855
48.027210	0.297710	5082	185	-195	52739
48.029125	0.299882	5278	183	-202	51277
48.029308	0.300108	5301	183	-210	51144
48.029472	0.300322	5320	182	-212	50960
48.029697	0.300567	5345	182	-210	50839
48.029907	0.300727	5361	181	-217	50698
48.030113	0.300867	5377	181	-220	50606
48.030307	0.300998	5393	181	-212	50461
48.030517	0.301147	5415	181	-215	50340
48.030635	0.301298	5432	181	-220	50188
48.030811	0.301568	5455	181	-225	50059
48.031013	0.301747	5472	180	-592	49904
48.031204	0.301900	5490	180	-227	49804
48.031387	0.302030	5508	180	-227	49636
48.031597	0.302225	5532	180	-227	49517
48.031726	0.302410	5548	180	-230	49390
48.031940	0.302712	5568	180	-235	49274
48.032367	0.303022	5600	179	-232	49053
48.032543	0.303125	5614	179	-232	48927
48.032760	0.303295	5636	179	-242	48810
48.032920	0.303393	5650	178	-237	48671
48.033206	0.303538	5670	178	-237	48574
48.033443	0.303732	5685	178	-240	48443
48.033657	0.303968	5700	178	-240	48353
48.033824	0.304183	5714	178	-242	48240
48.034057	0.304365	5734	178	-240	48139
48.034286	0.304485	5749	177	-240	48002
48.034629	0.304695	5770	177	-247	47914
48.034893	0.304912	5784	176	-250	47770
48.035266	0.305267	5814	176	-245	47578
48.035484	0.305425	5833	176	-240	47476
48.035640	0.305555	5847	175	-250	47351
48.035846	0.305758	5865	175	-252	47254
48.036014	0.305883	5879	175	-260	47134
48.036235	0.305975	5894	175	-255	47064
48.036476	0.306153	5910	175	-255	46922
48.036785	0.306367	5933	175	-260	46789
48.037029	0.306522	5951	174	-257	46631
48.037326	0.306717	5976	174	-262	46491
48.037544	0.306803	5995	174	-265	46332
48.037738	0.306907	6013	174	-265	46263
48.037914	0.307050	6029	173	-262	46149
48.038143	0.307260	6048	173	-270	46045
48.038337	0.307447	6064	173	-270	45913
48.038665	0.307732	6084	173	-262	45798
48.041568	0.309185	6262	170	-280	44637
48.041854	0.309305	6280	170	-282	44491
48.042236	0.309455	6304	170	-290	44368
48.042560	0.309557	6322	169	-290	44236
48.042907	0.309728	6338	169	-285	44154
48.043205	0.309912	6355	168	-287	44025
48.043567	0.310015	6377	168	-290	43914
48.043849	0.310082	6395	168	-295	43755
48.044250	0.310140	6419	168	-295	43641
48.044532	0.310192	6438	167	-295	43493
48.044803	0.310252	6457	167	-297	43401
48.045078	0.310283	6475	167	-295	43265
48.045463	0.310263	6498	167	-300	43168
48.045814	0.310208	6513	166	-285	43051
48.046321	0.310198	6531	166	-290	42965
48.046714	0.310222	6544	166	-285	42861
48.047084	0.310285	6558	166	-292	42794
48.047416	0.310352	6571	165	-295	42691
48.048145	0.310292	6605	165	-297	42454
48.048641	0.310205	6625	165	-302	42384
48.049037	0.310137	6638	165	-307	42281
48.049449	0.310152	6651	165	-305	42206
48.049819	0.310222	6666	164	-297	42096
48.050273	0.310312	6685	164	-302	42012
48.050601	0.310297	6699	163	-310	41886
48.051136	0.310235	6720	163	-310	41784
48.051574	0.310245	6735	163	-300	41678
48.051986	0.310330	6750	163	-300	41598
48.052356	0.310395	6764	162	-305	41512
48.052818	0.310443	6783	162	-307	41430
48.053165	0.310407	6796	161	-305	41309
48.053684	0.310313	6816	161	-302	41214
48.054096	0.310233	6830	161	-300	41096
48.054508	0.310115	6845	161	-300	41035
48.054927	0.309988	6859	160	-307	40927
48.055511	0.309922	6879	160	-310	40838
48.056488	0.309947	6913	160	-302	40639
48.056854	0.309923	6927	159	-305	40527
48.057235	0.309798	6942	159	-310	40461
48.057670	0.309667	6957	158	-307	40346
48.058261	0.309610	6979	158	-305	40251
48.059020	0.309618	7008	158	-300	40074
48.063056	0.309040	7152	155	-300	39246
48.063526	0.309013	7164	155	-300	39216
48.063980	0.308955	7174	154	-302	39129
48.064601	0.308773	7189	154	-302	39060
48.065071	0.308575	7201	153	-297	38960
48.065532	0.308362	7215	153	-305	38897
48.065948	0.308195	7231	153	-307	38796
48.066356	0.307997	7244	153	-302	38732
48.066787	0.307765	7259	152	-300	38614
48.067249	0.307523	7275	152	-297	38544
48.067737	0.307250	7291	151	-915	38447
48.068370	0.306837	7310	151	-305	38376
48.068859	0.306527	7322	151	-302	38308
48.069496	0.306133	7337	151	-297	38223
48.069946	0.305902	7352	151	-302	38108
48.070438	0.305715	7368	151	-305	38019
48.070964	0.305532	7384	150	-300	37928
48.071670	0.305293	7402	150	-305	37859
48.072204	0.305085	7415	149	-310	37761
48.072906	0.304828	7430	149	-302	37713
48.073410	0.304603	7444	148	-302	37584
48.073860	0.304340	7461	148	-305	37491
48.074295	0.304107	7480	148	-307	37379
48.075485	0.303648	7522	148	-315	37151
48.076156	0.303297	7548	148	-315	37033
48.076648	0.303032	7568	146	-307	36904
48.077159	0.302875	7588	146	-305	36824
48.077674	0.302725	7607	146	-310	36704
48.078792	0.302260	7647	145	-307	36501
48.079532	0.301860	7666	145	-300	36427
48.080120	0.301603	7680	145	-305	36327
48.080715	0.301387	7694	145	-302	36270
48.081295	0.301215	7707	144	-310	36205
48.082065	0.300905	7725	144	-305	36103
48.082595	0.300607	7741	143	-307	36003
48.083229	0.300237	7761	143	-317	35924
48.083690	0.299935	7774	143	-320	35861
48.084171	0.299620	7786	143	-320	35789
48.084671	0.299360	7801	142	-320	35671
48.085391	0.298970	7826	142	-315	35563
48.085945	0.298613	7844	141	-310	35475
48.086708	0.298157	7862	141	-302	35415
48.087265	0.297882	7874	141	-307	35331
48.087787	0.297567	7888	141	-307	35253
48.088283	0.297263	7906	140	-317	35113
48.094100	0.294065	8068	138	-322	34340
48.094600	0.293660	8085	137	-325	34234
48.095111	0.293250	8102	137	-322	34155
48.095584	0.292812	8118	136	-322	34094
48.096160	0.292285	8135	136	-322	34020
48.096588	0.291947	8150	135	-325	33898
48.097206	0.291607	8174	135	-327	33807
48.097686	0.291347	8195	135	-325	33671
48.098125	0.291032	8214	135	-322	33615
48.098564	0.290657	8229	135	-315	33546
48.099189	0.290202	8245	135	-317	33478
48.099617	0.289913	8259	134	-325	33383
48.100570	0.289422	8291	133	-320	33213
48.101055	0.289215	8308	133	-322	33153
48.101547	0.289052	8326	133	-327	33044
48.102180	0.288895	8348	133	-322	32965
48.102676	0.288808	8362	132	-325	32888
48.103923	0.288460	8395	131	-320	32714
48.104461	0.288257	8411	131	-327	32637
48.104980	0.287995	8427	131	-332	32564
48.105655	0.287643	8444	131	-335	32510
48.106174	0.287453	8457	130	-335	32426
48.106895	0.287288	8473	130	-335	32375
48.107444	0.287173	8485	130	-330	32295
48.107986	0.286928	8496	130	-320	32253
48.108516	0.286707	8509	129	-322	32159
48.109233	0.286388	8531	129	-327	32072
48.109767	0.286147	8549	128	-332	31959
48.110416	0.285787	8572	128	-325	31885
48.110866	0.285508	8586	128	-327	31816
48.111335	0.285295	8599	128	-332	31752
48.111782	0.285208	8613	127	-330	31691
48.112400	0.285128	8632	127	-335	31612
48.112880	0.285077	8647	126	-335	31532
48.117580	0.283725	8798	124	-337	30856
48.118015	0.283480	8810	123	-342	30794
48.118621	0.283192	8823	123	-345	30754
48.119049	0.283015	8837	123	-342	30625
48.119663	0.282745	8861	123	-335	30544
48.120143	0.282443	8876	122	-330	30486
48.121040	0.281875	8903	121	-342	30350
48.121585	0.281600	8925	121	-340	30269
48.121940	0.281415	8939	121	-340	30198
48.122383	0.281082	8956	121	-335	30134
48.122753	0.280747	8968	120	-335	30075
48.123626	0.280055	8990	120	-332	29990
48.124195	0.279568	9003	120	-332	29925
48.124588	0.279193	9016	119	-330	29826
48.125141	0.278830	9038	119	-330	29745
48.125556	0.278630	9058	118	-330	29627
48.125946	0.278435	9079	118	-332	29569
48.126289	0.278173	9100	118	-335	29441
48.126754	0.277753	9125	118	-342	29378
48.127075	0.277422	9142	118	-330	29292
48.127483	0.277032	9165	118	-337	29203
48.127780	0.276782	9183	116	-337	29113
48.128051	0.276610	9200	116	-342	29054
48.128368	0.276530	9214	116	-340	28997
48.128868	0.276412	9234	116	-337	28909
48.129234	0.276187	9251	116	-345	28818
48.129772	0.275802	9273	116	-347	28750
48.130191	0.275503	9287	115	-337	28666
48.130577	0.275183	9303	115	-330	28629
48.131381	0.274450	9335	115	-340	28499
48.131774	0.274132	9348	114	-330	28424
48.132328	0.273743	9365	114	-337	28355
48.132686	0.273488	9381	113	-347	28265
48.133026	0.273203	9399	113	-352	28208
48.133346	0.272893	9416	113	-347	28137
48.133804	0.272462	9434	113	-340	28081
48.134155	0.272237	9447	112	-342	28023
48.134654	0.272043	9465	112	-342	27954
48.135051	0.271915	9480	111	-340	27874
48.135429	0.271817	9492	111	-335	27836
48.135807	0.271695	9504	111	-337	27783
48.136306	0.271365	9522	111	-340	27703
48.136692	0.271152	9539	110	-352	27617
48.140735	0.269080	9653	108	-360	27172
48.141174	0.268897	9664	107	-357	27122
48.141708	0.268607	9678	107	-355	27071
48.142089	0.268385	9689	106	-350	27031
48.142585	0.268115	9702	106	-352	26972
48.142993	0.267920	9712	106	-350	26924
48.143363	0.267797	9723	106	-355	26877
48.143783	0.267600	9737	105	-357	26814
48.144401	0.267330	9755	105	-350	26753
48.144866	0.267132	9769	105	-350	26686
48.145420	0.266838	9788	105	-357	26637
48.145786	0.266647	9801	105	-352	26572
48.146163	0.266458	9812	105	-350	26545
48.146579	0.266393	9823	103	-340	26474
48.147144	0.266337	9842	103	-342	26396
48.147556	0.266352	9860	103	-350	26308
48.148059	0.266452	9880	103	-342	26258
48.148490	0.266507	9892	103	-347	26211
48.148902	0.266505	9906	103	-345	26172
48.149349	0.266417	9919	102	-345	26086
48.149898	0.266318	9941	102	-342	26016
48.150775	0.266373	9981	101	-342	25884
48.151157	0.266483	9995	101	-345	25811
48.151569	0.266593	10006	101	-347	25788
48.152008	0.266718	10017	100	-347	25733
48.152568	0.266877	10032	100	-345	25689
48.152965	0.266967	10045	100	-347	25630
48.153518	0.266963	10060	100	-347	25579
48.153869	0.267035	10073	98	-345	25517
48.154190	0.267123	10085	98	-345	25475
48.154495	0.267172	10097	98	-347	25420
48.154895	0.267225	10113	98	-347	25377
48.155185	0.267288	10124	98	-347	25302
48.155654	0.267307	10145	98	-340	25251
48.156021	0.267252	10159	97	-335	25187
48.156349	0.267177	10174	97	-342	25141
48.156696	0.267242	10188	96	-347	25081
48.157066	0.267275	10206	96	-347	25035
48.157321	0.267273	10220	96	-350	24960
48.158023	0.267063	10253	95	-357	24842
48.158298	0.266945	10267	95	-357	24804
48.158618	0.266917	10279	95	-357	24750
48.159027	0.266825	10295	95	-352	24705
48.159275	0.266667	10306	94	-350	24645
48.161746	0.265683	10433	91	-350	24206
48.161945	0.265617	10445	91	-352	24141
48.162208	0.265493	10462	91	-352	24093
48.162437	0.265467	10477	90	-360	24003
48.162776	0.265253	10500	90	-362	23927
48.163093	0.265068	10520	90	-357	23837
48.163429	0.264867	10541	90	-355	23779
48.163803	0.264668	10560	90	-347	23707
48.164314	0.264502	10583	90	-345	23654
48.164703	0.264400	10599	89	-357	23585
48.165229	0.264233	10617	89	-345	23539
48.165985	0.263967	10640	88	-345	23471
48.166362	0.263707	10650	88	-360	23417
48.166858	0.263425	10666	88	-352	23377
48.167213	0.263258	10676	87	-357	23325
48.167800	0.263052	10691	87	-362	23295
48.168243	0.262918	10704	86	-357	23226
48.168598	0.262800	10716	86	-357	23187
48.168983	0.262722	10728	86	-345	23140
48.169445	0.262620	10745	86	-360	23091
48.169803	0.262428	10757	85	-360	23045
48.170257	0.262207	10772	85	-357	22998
48.170593	0.262102	10785	85	-365	22942
48.171390	0.261842	10812	85	-365	22851
48.171913	0.261577	10829	85	-360	22804
48.172256	0.261438	10840	84	-357	22765
48.172748	0.261293	10855	84	-360	22715
48.173194	0.261097	10868	83	-362	22656
48.173625	0.260895	10881	83	-365	22611
48.174041	0.260702	10895	83	-365	22536
48.174579	0.260392	10919	83	-367	22483
48.175052	0.260133	10933	82	-357	22425
48.175647	0.259845	10951	82	-355	22390
48.176151	0.259687	10963	81	-350	22348
48.176574	0.259523	10976	81	-350	22305
48.177055	0.259380	10988	81	-345	22256
48.177692	0.259288	11003	81	-355	22224
48.178161	0.259242	11015	80	-347	22168
48.178836	0.259082	11032	80	-345	22127
48.179298	0.259073	11047	80	-350	22060
48.179752	0.259100	11061	80	-352	22026
48.180164	0.259102	11075	80	-350	21972
48.180767	0.258925	11091	80	-360	21929
48.181205	0.258792	11103	79	-350	21881
48.185714	0.258622	11227	76	-340	21478
48.186195	0.258587	11244	76	-355	21407
48.186790	0.258525	11265	76	-357	21369
48.187236	0.258495	11278	76	-355	21313
48.187847	0.258642	11296	76	-352	21272
48.188270	0.258847	11309	75	-340	21229
48.188716	0.259050	11320	75	-345	21199
48.189167	0.259185	11332	75	-357	21146
48.189746	0.259335	11351	75	-357	21098
48.190223	0.259548	11362	74	-355	21051
48.190807	0.259777	11378	74	-352	21023
48.191184	0.259885	11390	73	-350	20959
48.191570	0.260008	11402	73	-347	20942
48.191967	0.260077	11413	73	-342	20899
48.192901	0.260455	11440	73	-347	20805
48.193405	0.260538	11455	73	-337	20776
48.193771	0.260638	11467	72	-350	20732
48.194118	0.260730	11478	72	-350	20707
48.194465	0.260852	11490	71	-350	20667
48.195014	0.261108	11505	71	-350	20614
48.195396	0.261205	11516	71	-335	20579
48.195899	0.261333	11531	71	-337	20554
48.196350	0.261497	11541	70	-345	20512
48.196792	0.261652	11551	70	-335	20487
48.197223	0.261835	11563	70	-342	20434
48.197723	0.262033	11578	70	-350	20390
48.198158	0.262208	11590	70	-355	20355
48.198741	0.262423	11607	70	-352	20306
48.199192	0.262487	11622	68	-347	20226
48.199550	0.262507	11641	68	-350	20182
48.199836	0.262560	11659	68	-350	20131
48.200180	0.262545	11680	68	-347	20089
48.200458	0.262492	11693	68	-352	20028
48.200809	0.262423	11713	68	-360	19996
48.201030	0.262377	11728	67	-352	19940
48.201255	0.262440	11741	67	-355	19918
48.201522	0.262468	11753	66	-352	19868
48.201828	0.262412	11768	66	-357	19838
48.202358	0.262325	11794	66	-347	19758
48.202564	0.262347	11805	66	-347	19721
48.202774	0.262355	11816	66	-347	19688
48.203006	0.262425	11827	65	-352	19650
48.203361	0.262525	11843	65	-347	19615
48.203586	0.262515	11854	65	-350	19568
48.205791	0.262107	11994	63	-357	19143
48.205978	0.261990	12010	63	-352	19099
48.206230	0.261735	12031	63	-352	19047
48.206466	0.261503	12047	62	-355	18994
48.206970	0.261133	12083	61	-350	18904
48.207160	0.261048	12095	61	-355	18875
48.207351	0.260972	12106	61	-352	18838
48.207687	0.260718	12122	61	-347	18801
48.207946	0.260580	12135	61	-352	18755
48.208236	0.260465	12152	61	-355	18723
48.208442	0.260345	12163	60	-360	18676
48.208698	0.260210	12176	60	-357	18653
48.208995	0.259973	12188	60	-365	18620
48.209411	0.259680	12203	60	-367	18583
48.209720	0.259488	12216	59	-365	18537
48.210044	0.259188	12232	59	-362	18496
48.210388	0.258998	12244	59	-352	18457
48.210708	0.258815	12257	59	-360	18426
48.210971	0.258642	12269	58	-362	18382
48.211326	0.258420	12287	58	-360	18350
48.211669	0.258228	12298	58	-355	18309
48.212097	0.257985	12315	58	-360	18268
48.212375	0.257823	12328	57	-362	18233
48.212730	0.257633	12341	57	-370	18181
48.213062	0.257442	12354	57	-365	18146
48.213447	0.257180	12371	57	-365	18105
48.213741	0.257037	12383	56	-362	18065
48.214172	0.256823	12401	56	-365	18033
48.214839	0.256573	12426	56	-370	17972
48.215194	0.256492	12440	56	-370	17917
48.215572	0.256350	12457	56	-362	17894
48.215881	0.256198	12469	55	-365	17844
48.216361	0.256068	12484	55	-367	17815
48.216693	0.256040	12498	55	-365	17769
48.216960	0.255968	12510	55	-367	17744
48.217277	0.255942	12522	54	-357	17699
48.217739	0.255908	12539	54	-352	17664
48.218067	0.255832	12550	54	-352	17617
48.218490	0.255853	12567	54	-365	17591
48.218803	0.255928	12580	53	-360	17537
48.219421	0.255737	12607	53	-342	17470
48.219783	0.255715	12625	53	-362	17441
48.220054	0.255688	12639	52	-362	17389
48.222789	0.254772	12759	50	-377	17077
48.223133	0.254713	12770	50	-382	17054
48.223529	0.254675	12786	50	-375	17016
48.223773	0.254667	12798	50	-372	16981
48.224189	0.254625	12812	50	-365	16950
48.224529	0.254613	12825	49	-370	16911
48.224803	0.254680	12836	49	-375	16876
48.225101	0.254687	12850	49	-375	16842
48.225601	0.254610	12867	49	-370	16807
48.225948	0.254663	12879	48	-375	16763
48.226383	0.254648	12896	48	-372	16732
48.226703	0.254598	12908	48	-377	16694
48.227024	0.254648	12920	48	-380	16679
48.227771	0.254562	12947	48	-377	16613
48.228118	0.254603	12959	47	-372	16573
48.228591	0.254555	12974	47	-365	16535
48.228939	0.254522	12988	46	-365	16492
48.229305	0.254588	13000	46	-365	16475
48.229648	0.254565	13013	46	-375	16440
48.230133	0.254505	13029	46	-377	16400
48.230468	0.254575	13042	46	-382	16360
48.230899	0.254532	13057	46	-372	16340
48.231208	0.254498	13069	45	-377	16298
48.231567	0.254553	13080	45	-380	16270
48.231906	0.254625	13092	45	-380	16244
48.232318	0.254613	13108	45	-372	16207
48.232700	0.254668	13120	45	-380	16174
48.233200	0.254722	13136	45	-367	16136
48.233531	0.254708	13148	45	-375	16094
48.233814	0.254683	13160	45	-375	16071
48.234111	0.254637	13170	44	-365	16056
48.234859	0.254655	13199	43	-385	15969
48.235271	0.254582	13218	43	-387	15935
48.235584	0.254632	13232	43	-385	15897
48.235885	0.254510	13246	43	-382	15866
48.236202	0.254450	13258	43	-377	15845
48.236614	0.254308	13276	43	-385	15796
48.236915	0.254333	13289	42	-390	15763
48.237403	0.254308	13306	42	-392	15724
48.237728	0.254227	13319	42	-380	15694
48.238018	0.254138	13332	42	-385	15668
48.238391	0.254095	13345	41	-387	15630
48.238826	0.254057	13363	41	-385	15587
48.239124	0.254053	13376	41	-382	15556
48.242176	0.254023	13502	40	-392	15258
48.242446	0.254168	13513	39	-397	15221
48.242858	0.254292	13529	39	-400	15209
48.243499	0.254408	13556	38	-387	15137
48.243804	0.254513	13567	38	-397	15103
48.244159	0.254573	13580	38	-395	15083
48.244468	0.254738	13592	38	-397	15046
48.244941	0.254797	13607	38	-400	15031
48.245307	0.254800	13619	37	-400	14991
48.245819	0.254880	13636	37	-400	14957
48.246139	0.254885	13648	37	-390	14921
48.246456	0.254897	13660	37	-397	14901
48.246841	0.254847	13671	36	-402	14875
48.247337	0.254775	13688	36	-405	14836
48.247714	0.254797	13701	36	-405	14806
48.248226	0.254835	13716	36	-402	14775
48.248523	0.254837	13728	36	-392	14740
48.248783	0.254877	13740	36	-395	14716
48.249137	0.254880	13752	35	-400	14691
48.249603	0.254915	13767	35	-400	14668
48.249870	0.254880	13779	35	-397	14619
48.250606	0.254955	13806	34	-390	14569
48.250938	0.254880	13817	34	-392	14550
48.251235	0.254930	13828	34	-397	14512
48.251663	0.254980	13844	34	-390	14490
48.251995	0.254928	13857	33	-390	14443
48.252384	0.255077	13872	33	-392	14422
48.252704	0.255198	13885	33	-392	14383
48.253055	0.255247	13901	33	-387	14341
48.253448	0.255300	13920	33	-382	14289
48.254005	0.255223	13945	33	-377	14263
48.254405	0.255200	13960	32	-397	14228
48.255001	0.255410	13979	32	-387	14190
48.255455	0.255568	13990	31	-380	14165
48.255867	0.255678	14002	31	-380	14148
48.256221	0.255760	14013	31	-385	14127
48.256778	0.255863	14024	31	-392	14107
48.257190	0.256012	14034	31	-392	14069
48.257659	0.256285	14052	31	-392	14024
48.258235	0.256583	14086	31	-402	13944
48.258518	0.256607	14101	30	-405	13906
48.259029	0.256803	14117	30	-402	13898
48.259372	0.257003	14130	30	-395	13855
48.262474	0.258760	14254	28	-387	13601
48.262699	0.258913	14267	28	-385	13573
48.263034	0.259223	14284	28	-392	13551
48.263328	0.259443	14296	27	-375	13528
48.263751	0.259642	14311	27	-370	13488
48.264049	0.259697	14323	26	-377	13456
48.264488	0.259890	14347	26	-382	13407
48.264812	0.260153	14363	26	-385	13387
48.265064	0.260327	14376	26	-380	13352
48.265346	0.260425	14392	26	-385	13318
48.265594	0.260595	14405	25	-392	13284
48.265861	0.260820	14418	25	-397	13260
48.266109	0.260888	14430	25	-397	13231
48.266468	0.261112	14449	25	-390	13206
48.266735	0.261363	14463	25	-400	13168
48.267066	0.261545	14482	25	-402	13145
48.267368	0.261822	14494	24	-410	13097
48.267654	0.262072	14507	24	-402	13083
48.267894	0.262232	14521	24	-405	13058
48.268272	0.262605	14538	24	-405	13026
48.268497	0.262837	14551	23	-405	12995
48.268795	0.263027	14567	23	-405	12964
48.269054	0.263220	14580	23	-410	12932
48.269344	0.263502	14593	23	-410	12913
48.270000	0.263938	14622	23	-402	12855
48.270233	0.264092	14634	22	-400	12829
48.270576	0.264275	14651	22	-397	12807
48.270839	0.264528	14663	22	-405	12777
48.271106	0.264715	14677	22	-407	12743
48.271568	0.264787	14714	21	-405	12674
48.271766	0.264815	14729	21	-405	12632
48.272056	0.264977	14748	21	-402	12615
48.272365	0.264992	14762	21	-390	12578
48.272663	0.264993	14776	21	-390	12552
48.272994	0.265012	14790	20	-382	12528
48.273410	0.265053	14806	20	-395	12494
48.273670	0.265160	14822	20	-410	12446
48.274021	0.265393	14842	20	-415	12432
48.274330	0.265507	14854	20	-415	12406
48.274597	0.265542	14867	20	-405	12392
48.274848	0.265482	14880	20	-407	12351
48.275585	0.265680	14908	19	-402	12312
48.277984	0.266233	15043	17	-402	12052
48.278182	0.266317	15054	17	-410	12031
48.278549	0.266415	15069	17	-410	11995
48.278820	0.266522	15082	17	-415	11977
48.279083	0.266660	15098	17	-415	11943
48.279335	0.266700	15110	16	-412	11908
48.279590	0.266795	15124	16	-422	11885
48.279796	0.266962	15135	16	-415	11865
48.280052	0.267085	15153	16	-415	11839
48.280250	0.267067	15167	16	-430	11816
48.280471	0.267062	15183	16	-427	11786
48.280647	0.267202	15196	15	-410	11756
48.280803	0.267335	15209	15	-417	11751
48.280925	0.267415	15222	15	-422	11703
48.281143	0.267470	15239	15	-425	11685
48.281505	0.267713	15269	15	-420	11635
48.281646	0.267857	15283	15	-417	11597
48.281860	0.268003	15297	15	-417	11574
48.281959	0.268125	15310	14	-422	11546
48.282199	0.268327	15328	14	-432	11509
48.282611	0.268673	15362	13	-422	11456
48.282764	0.268812	15375	13	-427	11427
48.282974	0.268950	15391	13	-432	11407
48.283302	0.269087	15406	13	-422	11378
48.283729	0.269275	15424	13	-415	11355
48.284042	0.269407	15439	13	-420	11323
48.284370	0.269570	15457	13	-420	11287
48.284683	0.269762	15471	12	-430	11256
48.284992	0.270023	15485	12	-432	11250
48.285221	0.270225	15499	12	-422	11227
48.285617	0.270567	15516	12	-425	11190
48.285953	0.270792	15528	11	-430	11164
48.286514	0.271340	15557	11	-430	11116
48.286781	0.271558	15569	11	-427	11096
48.286968	0.271850	15581	11	-420	11071
48.287258	0.272142	15597	11	-412	11059
48.287464	0.272327	15610	10	-417	11030
48.287918	0.272865	15640	10	-422	10977
48.288131	0.273070	15652	10	-417	10959
48.288284	0.273205	15664	10	-422	10919
48.288536	0.273315	15686	10	-422	10883
48.288749	0.273318	15707	10	-420	10835
48.291168	0.273193	15859	8	-400	10605
48.291419	0.273243	15872	8	-405	10587
48.291690	0.273320	15889	8	-410	10561
48.291973	0.273323	15901	7	-412	10538
48.292297	0.273395	15919	7	-415	10512
48.292835	0.273545	15945	7	-405	10465
48.293098	0.273658	15958	6	-410	10459
48.293380	0.273853	15975	6	-410	10414
48.293670	0.273923	15987	6	-410	10397
48.293975	0.274130	16005	6	-410	10376
48.294246	0.274268	16018	6	-420	10348
48.294525	0.274413	16033	6	-415	10320
48.294704	0.274650	16047	5	-417	10303
48.294998	0.274933	16066	5	-425	10266
48.295249	0.275053	16082	5	-417	10249
48.295455	0.275348	16101	5	-415	10223
48.295616	0.275457	16113	5	-412	10192
48.295978	0.275917	16141	5	-415	10155
48.296218	0.276170	16158	5	-417	10130
48.296360	0.276325	16171	4	-412	10113
48.296585	0.276698	16188	4	-407	10076
48.296726	0.277000	16203	3	-415	10052
48.296939	0.277552	16231	3	-402	10011
48.297073	0.277985	16250	3	-395	9988
48.297126	0.278265	16265	3	-405	9954
48.297264	0.278558	16284	3	-395	9928
48.297382	0.278707	16300	2	-395	9888
48.297489	0.278932	16319	2	-405	9851
48.297496	0.279070	16341	2	-412	9813
48.297439	0.279247	16370	2	-410	9781
48.297401	0.279278	16388	2	-415	9759
48.297470	0.279270	16411	2	-407	9742
48.297489	0.279227	16427	1	-405	9705
48.297565	0.279347	16442	1	-407	9691
48.297630	0.279443	16460	1	-417	9646
48.297626	0.279502	16484	1	-417	9617
48.297679	0.279437	16500	1	-417	9589
48.297683	0.279333	16521	1	-425	9572
48.297706	0.279328	16535	0	-422	9543
48.297733	0.279257	16552	0	-425	9532
48.297958	0.279090	16585	0	-415	9490
48.298038	0.279007	16600	0	-417	9455
48.298904	0.276890	16752	-1	-415	9226
48.298999	0.276692	16768	-1	-410	9207
48.299098	0.276543	16791	-1	-422	9181
48.299221	0.276440	16807	-1	-410	9150
48.299457	0.276208	16828	-1	-415	9133
48.299663	0.275960	16842	-2	-407	9105
48.299861	0.275697	16857	-2	-417	9091
48.300106	0.275562	16871	-2	-425	9070
48.300476	0.275018	16904	-3	-415	9006
48.300678	0.274875	16925	-3	-415	8989
48.300933	0.274725	16936	-3	-427	8971
48.301170	0.274593	16950	-3	-425	8948
48.301380	0.274443	16964	-3	-427	8931
48.301643	0.274260	16983	-3	-430	8911
48.301929	0.274162	16997	-4	-435	8878
48.302211	0.274008	17015	-4	-437	8855
48.302429	0.273883	17029	-4	-435	8844
48.302715	0.273785	17041	-4	-425	8821
48.303001	0.273623	17055	-5	-430	8801
48.303333	0.273370	17074	-5	-425	8790
48.303634	0.273350	17088	-5	-415	8761
48.303985	0.273223	17105	-5	-422	8744
48.304222	0.273088	17119	-5	-420	8714
48.304531	0.273070	17132	-5	-417	8694
48.304840	0.273055	17148	-5	-422	8666
48.305221	0.272903	17166	-5	-422	8657
48.305553	0.272967	17179	-6	-407	8626
48.305931	0.272962	17197	-6	-420	8617
48.306194	0.272940	17211	-6	-432	8592
48.306449	0.273047	17224	-6	-432	8570
48.306732	0.273118	17238	-6	-427	8562
48.307056	0.273077	17255	-6	-435	8536
48.307544	0.273317	17285	-6	-427	8490
48.307769	0.273343	17299	-7	-430	8470
48.307941	0.273552	17313	-7	-435	8445
48.308135	0.273662	17327	-7	-437	8429
48.308429	0.273853	17344	-7	-440	8412
48.308589	0.274100	17359	-8	-440	8394
48.308746	0.274502	17377	-8	-440	8369
48.308834	0.274787	17394	-8	-435	8346
48.308868	0.274943	17409	-8	-432	8327
48.308937	0.275095	17427	-8	-437	8304
48.308959	0.275192	17451	-8	-435	8278
48.308982	0.275263	17468	-8	-427	8242
48.309715	0.275208	17615	-10	-415	8070
48.309780	0.275278	17629	-10	-420	8033
48.309886	0.275300	17650	-10	-415	8016
48.309970	0.275193	17664	-10	-417	7994
48.310047	0.275177	17683	-10	-425	7977
48.310176	0.275180	17697	-10	-432	7954
48.310348	0.275212	17711	-10	-435	7946
48.310420	0.275205	17724	-11	-430	7915
48.310592	0.275212	17743	-11	-422	7909
48.310729	0.275278	17757	-11	-425	7884
48.310871	0.275125	17776	-11	-430	7855
48.310974	0.275048	17792	-11	-425	7844
48.311050	0.275073	17806	-11	-427	7838
48.311195	0.274998	17821	-11	-422	7816
48.311367	0.274875	17841	-11	-425	7788
48.311523	0.274952	17853	-12	-427	7774
48.311695	0.274963	17871	-12	-427	7752
48.311805	0.274957	17885	-12	-430	7729
48.311977	0.275082	17899	-12	-432	7726
48.312080	0.275185	17913	-13	-430	7701
48.312194	0.275305	17931	-13	-430	7683
48.312381	0.275355	17945	-13	-432	7652
48.312511	0.275488	17963	-13	-432	7636
48.312732	0.275597	17992	-13	-417	7599
48.312805	0.275687	18006	-13	-425	7588
48.312900	0.275815	18025	-13	-425	7571
48.313068	0.275860	18039	-13	-412	7543
48.313163	0.275930	18057	-13	-415	7517
48.313266	0.276000	18071	-14	-425	7497
48.313449	0.276117	18085	-14	-425	7481
48.313571	0.276180	18098	-14	-422	7476
48.313682	0.276295	18118	-14	-420	7461
48.313789	0.276350	18131	-15	-410	7436
48.313922	0.276515	18150	-15	-420	7424
48.313976	0.276678	18166	-15	-417	7396
48.314224	0.276928	18194	-15	-415	7359
48.314285	0.277220	18213	-15	-422	7342
48.314411	0.277322	18227	-15	-427	7325
48.314445	0.277498	18244	-15	-420	7309
48.314476	0.277620	18259	-16	-430	7295
48.314586	0.277745	18272	-16	-430	7272
48.314598	0.277845	18286	-16	-430	7255
48.314666	0.278027	18304	-16	-435	7238
48.314739	0.278150	18319	-16	-432	7224
48.314983	0.279512	18460	-18	-432	7058
48.315036	0.279550	18475	-18	-427	7046
48.315105	0.279783	18491	-18	-415	7035
48.315109	0.279947	18505	-18	-415	7008
48.315093	0.280100	18524	-18	-422	6993
48.315128	0.280312	18539	-18	-417	6971
48.315193	0.280553	18554	-18	-415	6954
48.315227	0.280862	18588	-18	-427	6917
48.315277	0.281053	18603	-18	-432	6900
48.315269	0.281095	18624	-18	-430	6897
48.315265	0.281080	18640	-19	-425	6862
48.315258	0.281002	18656	-19	-427	6850
48.315288	0.281108	18673	-19	-412	6825
48.315364	0.281268	18692	-19	-405	6802
48.315383	0.281358	18708	-20	-412	6791
48.315383	0.281233	18727	-20	-422	6763
48.315437	0.281135	18742	-20	-432	6746
48.315521	0.281082	18760	-20	-432	6743
48.315631	0.280933	18776	-20	-420	6723
48.315685	0.280863	18795	-20	-425	6699
48.315685	0.280863	18795	-20	-422	6682
48.315799	0.280712	18829	-20	-430	6668
48.315822	0.280683	18843	-21	-422	6656
48.315818	0.280698	18847	-21	-427	6637
48.315906	0.280655	18871	-21	-435	6628
48.316040	0.280518	18906	-21	-430	6580
48.316104	0.280438	18926	-21	-425	6568
48.316181	0.280287	18940	-21	-422	6554
48.316215	0.280260	18954	-21	-427	6538
48.316265	0.280227	18968	-21	-430	6533
48.316368	0.280018	18987	-21	-427	6504
48.316360	0.279960	18999	-22	-427	6493
48.316383	0.279870	19019	-22	-422	6473
48.316421	0.279672	19033	-22	-412	6456
48.316425	0.279600	19048	-22	-415	6445
48.316444	0.279568	19062	-23	-412	6422
48.316497	0.279368	19078	-23	-405	6408
48.316516	0.279258	19093	-23	-417	6400
48.316577	0.279238	19112	-23	-415	6378
48.316619	0.279045	19126	-23	-417	6361
48.316635	0.278940	19141	-23	-417	6339
48.316646	0.278938	19156	-23	-415	6325
48.316711	0.278695	19175	-23	-410	6319
48.316688	0.278637	19188	-23	-420	6299
48.317264	0.278135	19327	-25	-425	6170
48.317405	0.278112	19341	-25	-432	6150
48.317554	0.278018	19360	-25	-422	6133
48.317615	0.277945	19375	-25	-420	6108
48.317779	0.278017	19393	-25	-412	6098
48.317855	0.278032	19407	-25	-415	6078
48.317897	0.277980	19422	-25	-415	6064
48.318016	0.278072	19436	-25	-430	6052
48.318138	0.278065	19456	-25	-425	6035
48.318206	0.278002	19473	-26	-422	6021
48.318363	0.278055	19492	-26	-427	6007
48.318416	0.277987	19507	-26	-425	5982
48.318416	0.277948	19522	-26	-430	5982
48.318534	0.277935	19536	-26	-437	5954
48.318588	0.277913	19555	-26	-427	5941
48.318584	0.277912	19560	-26	-435	5935
48.318721	0.277723	19607	-26	-435	5901
48.318706	0.277660	19622	-26	-437	5879
48.318771	0.277510	19636	-26	-442	5870
48.318832	0.277345	19656	-26	-435	5862
48.318813	0.277258	19670	-27	-437	5842
48.318901	0.277055	19690	-27	-440	5820
48.318996	0.276923	19706	-27	-435	5803
48.319042	0.276853	19720	-27	-432	5786
48.319160	0.276792	19735	-26	-417	5781
48.319320	0.276533	19755	-26	-420	5761
48.319339	0.276405	19769	-26	-420	5753
48.319431	0.276248	19788	-26	-417	5736
48.319530	0.276132	19804	-27	-422	5707
48.319538	0.276123	19820	-27	-420	5707
48.319587	0.276047	19836	-27	-427	5685
48.319629	0.275912	19856	-27	-427	5668
48.319602	0.275963	19870	-28	-437	5646
48.319671	0.275973	19890	-28	-442	5635
48.319759	0.275958	19906	-28	-437	5618
48.319774	0.276025	19920	-28	-422	5616
48.319824	0.276088	19935	-28	-422	5590
48.319934	0.276002	19956	-28	-425	5579
48.319919	0.276095	19972	-28	-425	5562
48.320007	0.276098	19992	-28	-410	5562
48.320125	0.276278	20021	-29	-422	5534
48.320182	0.276378	20037	-29	-412	5506
48.320312	0.276455	20058	-29	-412	5495
48.320339	0.276662	20074	-29	-420	5482
48.320842	0.277672	20238	-30	-437	5339
48.320899	0.277708	20258	-30	-435	5328
48.320930	0.277885	20273	-30	-417	5314
48.320941	0.278030	20292	-30	-422	5297
48.320941	0.278028	20308	-30	-425	5280
48.320976	0.278182	20322	-30	-427	5263
48.321006	0.278268	20337	-30	-422	5263
48.321006	0.278188	20357	-30	-422	5243
48.321029	0.278272	20371	-31	-412	5227
48.321098	0.278400	20392	-31	-412	5207
48.321105	0.278337	20405	-31	-407	5190
48.321098	0.278367	20419	-31	-417	5187
48.321109	0.278515	20434	-30	-425	5174
48.321094	0.278520	20453	-30	-415	5168
48.321117	0.278473	20468	-31	-430	5146
48.321189	0.278595	20487	-31	-435	5138
48.321216	0.278543	20502	-31	-422	5121
48.321258	0.278488	20517	-31	-430	5112
48.321460	0.278573	20549	-31	-422	5087
48.321495	0.278518	20563	-31	-420	5079
48.321636	0.278658	20583	-31	-405	5053
48.321716	0.278640	20597	-31	-417	5034
48.321796	0.278615	20612	-31	-412	5026
48.321998	0.278767	20645	-31	-415	5004
48.322082	0.278742	20659	-31	-405	4981
48.322246	0.278870	20679	-31	-402	4976
48.322319	0.278810	20693	-31	-412	4956
48.322391	0.278817	20708	-31	-405	4953
48.322444	0.278940	20722	-32	-410	4939
48.322452	0.278920	20740	-32	-412	4922
48.322425	0.278938	20754	-32	-417	4917
48.322414	0.279118	20772	-32	-417	4906
48.322395	0.279183	20787	-32	-412	4897
48.322376	0.279153	20801	-32	-405	4878
48.322395	0.279175	20816	-32	-417	4873
48.322460	0.279407	20834	-32	-425	4862
48.322433	0.279493	20848	-33	-407	4847
48.322372	0.279477	20868	-33	-412	4828
48.322380	0.279577	20883	-33	-422	4811
48.322391	0.279688	20898	-33	-422	4814
48.322326	0.279628	20912	-33	-422	4800
48.322216	0.279718	20947	-33	-415	4763
48.321773	0.278680	21102	-33	-402	4649
48.321716	0.278625	21117	-33	-402	4641
48.321681	0.278463	21137	-33	-412	4633
48.321750	0.278280	21151	-33	-412	4616
48.321800	0.278132	21171	-33	-417	4607
48.321796	0.278107	21186	-33	-407	4591
48.321899	0.277960	21202	-33	-405	4578
48.321929	0.277938	21217	-34	-390	4572
48.321922	0.277900	21237	-34	-412	4564
48.321994	0.277768	21252	-34	-420	4538
48.321971	0.277770	21272	-34	-422	4527
48.321983	0.277723	21288	-34	-415	4519
48.322013	0.277585	21303	-34	-417	4505
48.321960	0.277562	21318	-34	-415	4488
48.321876	0.277493	21340	-34	-427	4480
48.321739	0.277427	21379	-34	-432	4449
48.321685	0.277368	21395	-34	-430	4443
48.321636	0.277288	21412	-34	-422	4425
48.321510	0.277267	21427	-35	-422	4425
48.321342	0.277258	21449	-35	-430	4408
48.321319	0.277203	21465	-35	-432	4397
48.321109	0.277208	21487	-35	-425	4388
48.321033	0.277158	21503	-35	-435	4368
48.320968	0.277100	21520	-35	-430	4360
48.320793	0.277103	21537	-35	-425	4341
48.320739	0.276985	21558	-35	-432	4335
48.320655	0.276900	21574	-35	-427	4321
48.320529	0.276817	21597	-35	-432	4304
48.320549	0.276683	21613	-35	-432	4293
48.320442	0.276580	21629	-35	-420	4290
48.320343	0.276487	21646	-35	-420	4260
48.320369	0.276232	21666	-35	-415	4260
48.320358	0.276050	21683	-35	-420	4244
48.320304	0.275745	21719	-35	-400	4221
48.320362	0.275555	21735	-35	-392	4207
48.320373	0.275460	21752	-35	-410	4207
48.320384	0.275357	21774	-35	-405	4188
48.320487	0.275175	21789	-35	-397	4177
48.320583	0.275045	21811	-35	-412	4154
48.320575	0.275027	21821	-35	-420	4143
48.320571	0.274952	21843	-35	-412	4143
48.320610	0.274810	21859	-35	-412	4122
48.320644	0.274848	21880	-35	-417	4119
48.320640	0.274935	21896	-35	-422	4094
48.320629	0.275110	22057	-35	-397	3993
48.320606	0.275163	22073	-35	-412	3988
48.320579	0.275147	22088	-35	-417	3983
48.320636	0.275187	22109	-35	-425	3966
48.320648	0.275180	22130	-35	-417	3949
48.320533	0.275183	22161	-35	-420	3935
48.320568	0.275225	22176	-36	-425	3921
48.320457	0.275203	22197	-36	-425	3908
48.320411	0.275117	22213	-36	-415	3902
48.320423	0.274997	22234	-36	-417	3893
48.320335	0.274892	22248	-36	-422	3879
48.320243	0.274768	22264	-36	-422	3863
48.320259	0.274667	22279	-36	-410	3852
48.320133	0.274475	22300	-36	-420	3849
48.320034	0.274353	22316	-36	-420	3836
48.320037	0.274213	22336	-36	-422	3824
48.319957	0.274097	22352	-36	-412	3814
48.319889	0.273840	22384	-36	-415	3802
48.319850	0.273692	22405	-36	-420	3786
48.319774	0.273693	22420	-36	-417	3769
48.319805	0.273543	22441	-36	-402	3755
48.319816	0.273470	22458	-36	-417	3741
48.319763	0.273492	22474	-36	-425	3744
48.319820	0.273422	22489	-36	-432	3727
48.319862	0.273335	22510	-36	-427	3721
48.319820	0.273363	22526	-36	-432	3705
48.319843	0.273232	22547	-36	-432	3696
48.319835	0.273188	22563	-36	-420	3683
48.319778	0.273243	22580	-36	-420	3680
48.319778	0.273097	22596	-36	-425	3669
48.319709	0.273142	22617	-36	-412	3655
48.319652	0.273170	22633	-36	-425	3650
48.319572	0.273012	22653	-36	-427	3639
48.319499	0.273072	22669	-37	-420	3627
48.319446	0.273103	22686	-37	-430	3636
48.319309	0.272893	22724	-37	-440	3602
48.319252	0.272840	22740	-37	-425	3586
48.319217	0.272612	22763	-37	-427	3577
48.319129	0.272568	22779	-37	-425	3574
48.319034	0.272398	22796	-37	-435	3563
48.319011	0.272105	22812	-37	-440	3547
48.318958	0.271897	22833	-37	-432	3534
48.318897	0.271733	22850	-37	-435	3534
48.318325	0.269605	23016	-37	-425	3439
48.318294	0.269302	23032	-38	-427	3422
48.318187	0.268917	23072	-38	-427	3395
48.318199	0.268493	23095	-38	-430	3384
48.318187	0.268327	23112	-38	-420	3378
48.318168	0.268142	23130	-38	-422	3362
48.318191	0.267777	23147	-38	-425	3356
48.318206	0.267280	23188	-38	-422	3334
48.318267	0.266875	23211	-38	-422	3331
48.318264	0.266745	23227	-38	-415	3317
48.318271	0.266610	23245	-38	-427	3314
48.318309	0.266302	23263	-38	-427	3295
48.318325	0.266160	23287	-38	-425	3292
48.318378	0.265975	23304	-38	-440	3278
48.318466	0.265655	23326	-38	-440	3258
48.318477	0.265577	23343	-38	-432	3258
48.318508	0.265575	23361	-38	-437	3240
48.318614	0.265378	23378	-38	-425	3244
48.318691	0.265283	23401	-38	-430	3226
48.318737	0.265260	23419	-38	-425	3220
48.318874	0.265110	23443	-38	-425	3206
48.318874	0.265137	23460	-38	-427	3195
48.318904	0.265095	23477	-38	-417	3184
48.319004	0.264980	23494	-38	-420	3167
48.318996	0.264970	23515	-38	-422	3156
48.319038	0.264837	23555	-39	-427	3148
48.318981	0.264923	23572	-39	-425	3134
48.318973	0.264947	23590	-39	-432	3134
48.319019	0.264870	23606	-39	-432	3126
48.318973	0.265018	23628	-39	-437	3106
48.318977	0.265045	23667	-39	-430	3099
48.318897	0.265210	23684	-39	-430	3087
48.318840	0.265242	23700	-39	-422	3073
48.318786	0.265192	23715	-40	-417	3071
48.318737	0.265278	23736	-40	-427	3068
48.318740	0.265342	23753	-40	-425	3057
48.318740	0.265163	23774	-40	-422	3040
48.318759	0.265168	23790	-40	-427	3026
48.318767	0.265290	23806	-40	-425	3026
48.318801	0.265263	23823	-40	-427	3009
48.318775	0.265157	23844	-40	-425	3004
48.318771	0.265235	23860	-40	-430	2990
48.318199	0.265292	24017	-40	-417	2927
48.318077	0.265247	24032	-40	-417	2910
48.317939	0.265372	24055	-40	-397	2904
48.317863	0.265335	24072	-40	-422	2902
48.317684	0.265078	24093	-40	-422	2896
48.317512	0.264982	24109	-40	-405	2885
48.317348	0.264922	24125	-40	-417	2882
48.317279	0.264795	24140	-40	-427	2865
48.317211	0.264540	24161	-40	-427	2860
48.317047	0.264412	24176	-41	-420	2857
48.316917	0.264180	24197	-41	-427	2840
48.316852	0.263932	24214	-41	-417	2826
48.316722	0.263782	24229	-41	-402	2821
48.316619	0.263553	24246	-41	-412	2815
48.316593	0.263158	24266	-41	-412	2818
48.316532	0.263003	24281	-41	-402	2805
48.316452	0.262853	24302	-41	-407	2785
48.316417	0.262303	24333	-41	-415	2780
48.316349	0.262173	24350	-41	-422	2771
48.316387	0.261827	24373	-41	-430	2755
48.316432	0.261553	24390	-41	-430	2749
48.316417	0.261243	24412	-41	-427	2746
48.316463	0.261025	24429	-41	-415	2738
48.316593	0.260725	24444	-41	-407	2727
48.316642	0.260425	24461	-41	-397	2724
48.316608	0.260128	24482	-41	-395	2716
48.316665	0.259957	24498	-41	-397	2705
48.316818	0.259702	24519	-41	-392	2699
48.316783	0.259493	24534	-41	-397	2690
48.316936	0.259100	24568	-41	-405	2668
48.316883	0.258847	24590	-41	-407	2671
48.316909	0.258727	24606	-41	-415	2650
48.316997	0.258592	24629	-41	-410	2644
48.316955	0.258442	24645	-41	-405	2641
48.316932	0.258305	24678	-41	-397	2628
48.316936	0.258322	24701	-41	-395	2625
48.316825	0.258255	24716	-41	-405	2608
48.316783	0.258195	24738	-41	-405	2605
48.316818	0.258198	24754	-41	-410	2591
48.316768	0.258175	24771	-41	-405	2594
48.316650	0.258130	24788	-41	-405	2594
48.316593	0.258108	24811	-41	-417	2572
48.316593	0.258108	24811	-41	-407	2566
48.315589	0.258110	25035	-41	-402	2481
48.315460	0.258015	25052	-41	-392	2475
48.315422	0.257910	25074	-41	-385	2467
48.315311	0.257723	25091	-41	-395	2464
48.315162	0.257560	25108	-41	-392	2453
48.315059	0.257500	25124	-41	-372	2436
48.314918	0.257427	25146	-41	-375	2442
48.314731	0.257258	25162	-41	-385	2431
48.314506	0.257078	25184	-41	-390	2420
48.314338	0.257075	25199	-41	-395	2420
48.314155	0.256928	25216	-41	-382	2411
48.313957	0.256673	25232	-41	-377	2403
48.313709	0.256587	25254	-41	-392	2400
48.313522	0.256448	25272	-41	-382	2389
48.313301	0.256065	25293	-41	-377	2383
48.313129	0.255895	25309	-41	-390	2368
48.312961	0.255785	25327	-41	-392	2359
48.312786	0.255472	25343	-41	-370	2362
48.312488	0.254927	25382	-41	-390	2343
48.312324	0.254575	25404	-41	-372	2337
48.312183	0.254202	25421	-41	-375	2334
48.312049	0.254018	25438	-41	-380	2326
48.311920	0.253773	25455	-41	-382	2315
48.311695	0.253252	25477	-41	-385	2306
48.311576	0.253005	25494	-41	-392	2309
48.311416	0.252640	25517	-41	-375	2290
48.311264	0.252222	25533	-41	-375	2292
48.311183	0.251882	25550	-41	-385	2295
48.311096	0.251667	25566	-41	-395	2281
48.310890	0.251230	25589	-41	-382	2262
48.310699	0.250835	25607	-41	-385	2262
48.310546	0.250450	25630	-41	-375	2265
48.310401	0.250110	25648	-41	-382	2248
48.310203	0.249667	25666	-41	-382	2245
48.310123	0.249375	25683	-41	-392	2237
48.309970	0.248848	25706	-41	-377	2231
48.309844	0.248367	25723	-41	-382	2218
48.309768	0.247937	25745	-41	-392	2216
48.309696	0.247575	25763	-41	-390	2218
48.309566	0.247072	25779	-41	-382	2204
48.309478	0.246645	25797	-41	-395	2205
48.309436	0.246215	25820	-41	-400	2196
48.309268	0.241870	26004	-40	-400	2124
48.309349	0.241553	26022	-40	-390	2118
48.309383	0.241052	26043	-40	-380	2116
48.309417	0.240668	26061	-40	-390	2107
48.309600	0.240318	26085	-40	-395	2091
48.309661	0.239970	26102	-40	-390	2093
48.309696	0.239632	26119	-40	-392	2080
48.309761	0.239400	26136	-40	-405	2083
48.309879	0.239193	26160	-40	-400	2064
48.309867	0.238937	26176	-40	-400	2069
48.310104	0.238472	26215	-39	-400	2055
48.310192	0.238278	26232	-39	-387	2053
48.310199	0.238070	26249	-39	-385	2042
48.310298	0.237820	26272	-39	-397	2036
48.310409	0.237672	26289	-39	-400	2028
48.310386	0.237470	26311	-39	-385	2025
48.310359	0.237273	26328	-39	-390	2019
48.310466	0.237088	26345	-39	-392	2019
48.310485	0.236903	26363	-38	-390	2008
48.310436	0.236675	26387	-38	-377	2006
48.310520	0.236465	26403	-39	-367	1992
48.310474	0.236225	26426	-39	-375	1994
48.310432	0.236062	26443	-38	-377	1981
48.310474	0.235882	26460	-38	-382	1981
48.310535	0.235647	26476	-38	-377	1981
48.310424	0.235328	26498	-38	-372	1975
48.310348	0.235110	26516	-38	-360	1944
48.310436	0.234872	26537	-38	-350	1947
48.310474	0.234728	26555	-38	-362	1936
48.310420	0.234552	26572	-38	-352	1934
48.310451	0.234427	26590	-38	-372	1932
48.310619	0.234212	26612	-38	-377	1929
48.310596	0.234038	26629	-38	-367	1926
48.310611	0.233748	26652	-38	-380	1907
48.310661	0.233233	26685	-38	-370	1909
48.310626	0.232955	26703	-38	-380	1912
48.310764	0.232637	26726	-38	-382	1898
48.310791	0.232357	26742	-37	-372	1893
48.310791	0.232055	26765	-37	-380	1887
48.310916	0.231895	26781	-37	-385	1882
48.311004	0.231690	26798	-37	-377	1876
48.311004	0.231460	26814	-37	-375	1868
48.311046	0.231168	26837	-37	-385	1859
48.311145	0.230997	26853	-37	-390	1857
48.311500	0.228395	27017	-36	-337	1818
48.311576	0.228152	27035	-36	-352	1815
48.311836	0.227822	27057	-36	-362	1799
48.311904	0.227560	27074	-36	-355	1793
48.311988	0.227188	27098	-36	-362	1788
48.312145	0.226948	27115	-36	-367	1774
48.312263	0.226687	27132	-36	-367	1777
48.312271	0.226450	27149	-36	-362	1777
48.312305	0.226032	27173	-36	-352	1766
48.312393	0.225607	27189	-36	-340	1755
48.312515	0.225123	27213	-36	-347	1758
48.312599	0.224897	27229	-36	-355	1752
48.312705	0.224673	27246	-36	-345	1747
48.312831	0.224267	27262	-36	-347	1736
48.312953	0.223793	27286	-36	-337	1738
48.313079	0.223590	27303	-35	-330	1730
48.313255	0.223188	27327	-35	-337	1725
48.313419	0.222867	27344	-35	-332	1716
48.313594	0.222727	27360	-35	-325	1716
48.313877	0.222320	27401	-35	-332	1702
48.313976	0.222058	27419	-35	-325	1688
48.314178	0.221982	27442	-35	-312	1708
48.314331	0.221832	27460	-35	-322	1677
48.314445	0.221552	27478	-35	-327	1680
48.314605	0.221370	27496	-35	-315	1675
48.314857	0.221247	27519	-35	-310	1669
48.315021	0.221035	27537	-35	-317	1655
48.315216	0.220678	27561	-35	-322	1664
48.315444	0.220507	27579	-35	-322	1651
48.315677	0.220395	27597	-35	-325	1658
48.315853	0.220258	27617	-35	-315	1645
48.315998	0.220155	27642	-35	-310	1631
48.316158	0.220055	27662	-35	-322	1634
48.316417	0.220040	27688	-35	-310	1626
48.316562	0.219882	27708	-35	-320	1615
48.316638	0.219717	27728	-35	-322	1617
48.316707	0.219667	27747	-35	-320	1609
48.317134	0.219577	27789	-34	-322	1592
48.317279	0.219337	27813	-34	-312	1590
48.317344	0.219227	27831	-34	-307	1592
48.317447	0.219142	27850	-34	-320	1578
48.317642	0.219007	27867	-34	-325	1584
48.317771	0.218642	27890	-34	-325	1581
48.317806	0.218337	27907	-34	-312	1565
48.318992	0.216390	28091	-33	-320	1529
48.319202	0.216348	28109	-33	-312	1518
48.319450	0.216292	28134	-33	-307	1518
48.319561	0.216237	28152	-33	-315	1520
48.319766	0.216058	28176	-33	-302	1510
48.320007	0.215932	28193	-33	-290	1506
48.320201	0.215838	28212	-33	-297	1504
48.320274	0.215692	28229	-33	-307	1499
48.320487	0.215492	28253	-33	-292	1499
48.320816	0.215083	28297	-33	-305	1485
48.320991	0.214842	28316	-33	-317	1463
48.321235	0.214523	28334	-33	-320	1477
48.321384	0.214297	28352	-33	-312	1469
48.321613	0.214117	28376	-33	-317	1463
48.321846	0.213917	28394	-32	-327	1452
48.322151	0.213738	28418	-32	-327	1455
48.322280	0.213728	28435	-32	-327	1449
48.322380	0.213633	28453	-32	-327	1441
48.322540	0.213480	28470	-32	-310	1438
48.322818	0.213290	28494	-32	-297	1438
48.322982	0.213293	28511	-31	-310	1435
48.323150	0.213350	28535	-31	-300	1441
48.323337	0.213313	28554	-31	-282	1419
48.323532	0.213208	28572	-31	-275	1413
48.323623	0.213117	28590	-31	-295	1419
48.323673	0.213098	28613	-31	-300	1408
48.323791	0.213035	28632	-31	-282	1397
48.324066	0.212893	28673	-31	-290	1399
48.324100	0.212792	28692	-31	-287	1391
48.324237	0.212753	28710	-31	-270	1388
48.324359	0.212667	28735	-31	-280	1377
48.324363	0.212587	28752	-31	-290	1386
48.324398	0.212557	28776	-31	-295	1372
48.324508	0.212567	28793	-31	-280	1374
48.324649	0.212553	28811	-31	-280	1374
48.324684	0.212518	28829	-31	-287	1360
48.324668	0.212355	28853	-31	-295	1361
48.324729	0.212267	28872	-31	-282	1356
48.324913	0.212063	28896	-31	-272	1345
48.324958	0.211835	28914	-30	-267	1345
48.324970	0.211615	28932	-30	-265	1345
48.325054	0.211412	28951	-30	-292	1345
48.325267	0.211193	28975	-30	-297	1339
48.325317	0.210957	28993	-30	-305	1325
48.326168	0.208938	29176	-29	-300	1292
48.326316	0.208780	29195	-28	-297	1287
48.326404	0.208477	29221	-28	-290	1278
48.326427	0.208218	29238	-28	-295	1270
48.326568	0.207953	29264	-28	-310	1273
48.326759	0.207813	29281	-27	-312	1265
48.326877	0.207608	29300	-27	-307	1270
48.326942	0.207387	29318	-28	-310	1267
48.327194	0.207168	29342	-28	-312	1267
48.327426	0.207027	29361	-27	-312	1256
48.327610	0.206760	29384	-27	-315	1251
48.327789	0.206603	29403	-26	-300	1253
48.328289	0.206383	29438	-27	-292	1240
48.328479	0.206067	29461	-27	-282	1237
48.328701	0.205892	29479	-27	-302	1223
48.329040	0.205662	29504	-27	-305	1218
48.329238	0.205440	29522	-27	-290	1229
48.329387	0.205213	29539	-27	-290	1218
48.329578	0.205063	29557	-26	-302	1218
48.329975	0.204893	29579	-26	-310	1210
48.330276	0.204670	29596	-26	-307	1216
48.330593	0.204350	29619	-26	-307	1205
48.330825	0.204155	29637	-26	-310	1199
48.331138	0.204048	29655	-26	-312	1205
48.331504	0.203852	29672	-25	-315	1196
48.331851	0.203550	29695	-25	-315	1185
48.332054	0.203367	29712	-25	-312	1185
48.332439	0.203208	29735	-25	-292	1194
48.332809	0.203002	29752	-25	-280	1177
48.333129	0.202720	29768	-25	-275	1180
48.333747	0.202232	29807	-25	-272	1171
48.334106	0.202102	29823	-24	-292	1166
48.334598	0.201850	29845	-24	-295	1166
48.334850	0.201622	29861	-24	-300	1171
48.335052	0.201475	29876	-24	-300	1152
48.335800	0.201295	29916	-23	-272	1155
48.336032	0.201180	29932	-23	-282	1146
48.336299	0.200992	29955	-23	-280	1144
48.336616	0.200958	29972	-23	-270	1135
48.336894	0.200932	29990	-23	-275	1130
48.337070	0.200820	30005	-22	-277	1141
48.337379	0.200768	30029	-22	-290	1133
48.337692	0.200698	30044	-22	-287	1124
48.339553	0.200468	30212	-21	-287	1099
48.339706	0.200505	30229	-21	-290	1094
48.340076	0.200365	30268	-20	-297	1088
48.340465	0.200353	30289	-20	-300	1088
48.340663	0.200325	30307	-20	-297	1086
48.340805	0.200268	30324	-20	-295	1088
48.340999	0.200200	30342	-20	-280	1077
48.341331	0.199998	30365	-20	-280	1067
48.341545	0.199838	30383	-19	-282	1076
48.341674	0.199623	30404	-19	-275	1067
48.341777	0.199447	30422	-19	-280	1073
48.341953	0.199217	30439	-19	-280	1062
48.342140	0.199030	30455	-19	-275	1056
48.342269	0.198858	30478	-19	-282	1056
48.342277	0.198778	30496	-18	-280	1056
48.342422	0.198603	30520	-18	-260	1053
48.342533	0.198375	30537	-18	-255	1051
48.342597	0.198235	30556	-18	-265	1039
48.342567	0.198147	30574	-18	-262	1040
48.342655	0.197853	30599	-18	-275	1042
48.342742	0.197583	30616	-18	-275	1034
48.342800	0.197318	30640	-18	-280	1023
48.342807	0.197180	30658	-17	-275	1034
48.342895	0.196975	30677	-17	-265	1023
48.343021	0.196690	30694	-17	-255	1034
48.343196	0.196435	30719	-17	-270	1012
48.343399	0.196082	30762	-16	-277	1003
48.343559	0.195752	30780	-16	-285	1003
48.343753	0.195488	30800	-16	-287	998
48.343898	0.195345	30819	-16	-287	998
48.344207	0.195222	30844	-16	-290	998
48.344501	0.195038	30861	-16	-262	998
48.344894	0.194863	30886	-16	-252	995
48.345127	0.194852	30905	-15	-267	995
48.345291	0.194830	30923	-15	-270	981
48.345474	0.194760	30942	-15	-272	981
48.345767	0.194573	30966	-15	-257	981
48.346019	0.194538	30986	-15	-242	967
48.346244	0.194658	31010	-15	-932	979
48.346382	0.194765	31029	-15	-257	976
48.346553	0.194772	31049	-15	-262	976
48.346744	0.194718	31068	-14	-267	959
48.346893	0.194823	31094	-14	-257	954
48.346946	0.194990	31113	-14	-262	954
48.348342	0.195543	31300	-13	-275	932
48.348556	0.195708	31312	-13	-280	954
48.349285	0.196095	31322	-13	-300	973
48.350051	0.196132	31304	-12	-290	1001
48.350830	0.196220	31257	-12	-295	1021
48.350673	0.195838	31122	-11	-300	1052
48.350708	0.195573	31005	-11	-295	1063
48.351230	0.195597	30935	-11	-297	1087
48.351936	0.195528	30836	-11	-295	1115
48.351341	0.195245	30551	-11	-300	1157
48.351634	0.195342	30348	-11	-307	1190
48.351478	0.194907	29923	-11	-327	1216
48.351726	0.194817	29754	-11	-327	1254
48.352005	0.194688	29536	-11	-325	1293
48.351932	0.194423	29333	-10	-315	1315
48.351867	0.193742	29103	-10	-327	1329
48.351791	0.192957	28932	-10	-320	1370
48.351734	0.192258	28778	-10	-315	1393
48.351768	0.191730	28629	-10	-317	1435
48.351909	0.191730	28461	-10	-347	1449
48.352043	0.191623	28338	-9	-335	1506
48.352260	0.191477	28171	-9	-347	1526
48.352478	0.191282	28046	-9	-347	1571
48.352928	0.191172	27812	-8	-337	1615
48.352729	0.191007	27668	-8	-342	1638
48.352615	0.190578	27568	-8	-345	1668
48.352344	0.190317	27447	-8	-355	1687
48.352386	0.190430	27352	-8	-355	1724
48.352539	0.190155	27255	-8	-365	1743
48.352603	0.190055	27154	-8	-365	1795
48.352802	0.189575	27018	-8	-360	1823
48.352870	0.189447	26915	-7	-355	1871
48.353004	0.188988	26777	-7	-375	1902
48.352954	0.188933	26676	-7	-392	1935
48.353107	0.188762	26576	-7	-395	1951
48.353080	0.188452	26476	-7	-405	1993
48.353130	0.188365	26343	-7	-407	2029
48.353092	0.188108	26244	-6	-410	2071
48.353164	0.188175	26114	-6	-417	2110
48.353385	0.187860	26017	-6	-422	2143
48.353366	0.187527	25923	-6	-427	2171
48.353435	0.187298	25829	-6	-427	2205
48.353458	0.186548	25706	-6	-435	2249
48.353424	0.186293	25614	-6	-417	2291
48.352706	0.184575	24743	-5	-415	2624
48.352661	0.184665	24659	-5	-415	2663
48.352584	0.184772	24547	-5	-425	2713
48.352573	0.184667	24462	-5	-417	2752
48.352600	0.184393	24345	-5	-435	2800
48.352542	0.184205	24259	-5	-420	2844
48.352474	0.184003	24174	-5	-417	2883
48.352302	0.183708	24091	-5	-417	2919
48.352138	0.183570	23978	-5	-412	2960
48.352066	0.183573	23896	-5	-437	3008
48.352111	0.183357	23794	-5	-425	3047
48.351978	0.183103	23718	-5	-440	3087
48.351825	0.183203	23644	-5	-445	3116
48.351902	0.183255	23568	-5	-432	3164
48.351741	0.183297	23388	-5	-447	3261
48.351951	0.183153	23288	-5	-455	3311
48.351898	0.182923	23213	-5	-465	3356
48.351905	0.182972	23138	-5	-467	3390
48.352077	0.182782	23064	-5	-467	3442
48.351970	0.182370	22965	-5	-455	3489
48.351913	0.182378	22892	-5	-442	3532
48.352001	0.182067	22795	-5	-442	3578
48.351825	0.181857	22723	-5	-455	3623
48.351730	0.182000	22653	-5	-467	3651
48.351814	0.181943	22582	-6	-467	3720
48.351669	0.181685	22488	-6	-455	3742
48.351535	0.181800	22421	-6	-465	3812
48.351615	0.181917	22333	-6	-467	3840
48.351753	0.181763	22267	-6	-462	3912
48.351711	0.181477	22199	-6	-452	3926
48.351543	0.181530	22133	-6	-440	3987
48.351650	0.181663	22043	-6	-435	4043
48.351680	0.181450	21976	-6	-452	4090
48.351463	0.181327	21889	-6	-450	4127
48.351291	0.181385	21828	-6	-437	4196
48.351264	0.181507	21766	-6	-432	4232
48.351390	0.181390	21702	-6	-452	4271
48.351322	0.180875	21615	-6	-452	4312
48.351104	0.180920	21467	-6	-452	4413
48.351200	0.180712	21404	-7	-442	4462
48.351276	0.180338	21344	-7	-447	4507
48.351219	0.179953	21283	-7	-440	4560
48.351104	0.179910	21202	-7	-427	4604
48.351253	0.179960	21140	-7	-425	4671
48.351890	0.179057	20548	-8	-440	5101
48.352001	0.178817	20492	-8	-430	5165
48.352195	0.178492	20417	-8	-442	5201
48.352268	0.178245	20362	-9	-445	5262
48.352626	0.177930	20233	-10	-450	5376
48.352855	0.177930	20178	-10	-440	5404
48.353069	0.178070	20124	-9	-432	5474
48.353195	0.178515	20049	-9	-432	5518
48.353107	0.178797	19994	-10	-442	5588
48.352947	0.178837	19921	-10	-442	5640
48.352867	0.178847	19867	-10	-430	5704
48.352867	0.179005	19810	-10	-430	5740
48.352890	0.179002	19752	-10	-452	5812
48.352993	0.178975	19672	-10	-440	5870
48.353076	0.179005	19611	-11	-437	5948
48.353126	0.179022	19531	-11	-445	5995
48.353187	0.179022	19470	-11	-452	6068
48.353294	0.179117	19410	-11	-447	6117
48.353359	0.179235	19351	-11	-440	6190
48.353485	0.179293	19271	-11	-430	6256
48.353618	0.179350	19211	-11	-437	6323
48.353702	0.179413	19133	-11	-442	6367
48.353794	0.179365	19016	-12	-440	6514
48.353828	0.179407	18958	-12	-430	6577
48.353900	0.179360	18880	-12	-420	6636
48.354011	0.179308	18822	-13	-420	6730
48.354137	0.179365	18746	-13	-425	6774
48.354240	0.179368	18632	-13	-425	6905
48.354255	0.179512	18576	-13	-442	6986
48.354251	0.179693	18502	-13	-447	7046
48.354259	0.179737	18447	-14	-450	7133
48.354270	0.179812	18374	-14	-447	7187
48.354251	0.179923	18319	-14	-450	7268
48.354232	0.179958	18265	-14	-450	7304
48.354263	0.180065	18211	-15	-447	7387
48.354293	0.180272	18139	-15	-452	7443
48.354335	0.180362	18086	-15	-452	7529
48.354469	0.180452	18017	-15	-447	7598
48.354564	0.180563	17965	-15	-450	7678
48.354690	0.180632	17860	-15	-445	7808
48.354839	0.180725	17791	-15	-447	7875
48.354934	0.180753	17740	-16	-447	7958
48.355625	0.181263	17233	-18	-425	8595
48.355861	0.181363	17183	-18	-425	8681
48.356227	0.181508	17115	-18	-427	8755
48.356510	0.181570	17065	-18	-430	8842
48.356937	0.181513	17000	-18	-425	8916
48.357273	0.181463	16951	-19	-427	8999
48.357505	0.181385	16902	-19	-422	9057
48.358135	0.181065	16788	-19	-420	9213
48.358341	0.180892	16739	-20	-430	9307
48.358642	0.180522	16675	-20	-422	9369
48.358867	0.180303	16627	-20	-420	9470
48.358985	0.180050	16579	-20	-417	9523
48.359272	0.179625	16468	-20	-415	9689
48.359321	0.179527	16419	-21	-412	9788
48.359420	0.179448	16355	-21	-407	9851
48.359477	0.179547	16307	-21	-410	9951
48.359470	0.179630	16259	-21	-420	10009
48.359554	0.179830	16213	-21	-427	10092
48.359676	0.180162	16150	-21	-422	10175
48.359836	0.180313	16103	-22	-415	10269
48.360145	0.180517	16041	-22	-425	10346
48.360347	0.180705	15994	-23	-435	10443
48.360557	0.180718	15947	-23	-420	10498
48.360763	0.180873	15901	-23	-415	10592
48.360939	0.181000	15839	-23	-420	10667
48.361148	0.181097	15794	-23	-425	10766
48.361400	0.181268	15732	-23	-420	10849
48.361553	0.181327	15687	-24	-412	10955
48.361808	0.181438	15642	-24	-415	11009
48.361991	0.181688	15597	-24	-415	11101
48.362628	0.182127	15493	-25	-425	11292
48.362957	0.182320	15435	-25	-422	11355
48.363189	0.182377	15391	-25	-427	11457
48.363395	0.182550	15348	-25	-442	11517
48.363502	0.182593	15305	-25	-435	11620
48.363685	0.182662	15248	-25	-430	11697
48.363815	0.182780	15205	-26	-430	11800
48.363986	0.182842	15149	-26	-422	11883
48.364200	0.182915	15111	-26	-425	11964
48.364315	0.183082	15069	-26	-422	12033
48.364471	0.183130	15026	-26	-420	12133
48.364681	0.183338	14971	-26	-430	12213
48.364776	0.183467	14929	-26	-420	12310
8.366825	0.184697	14518	-28	-397	13102
48.367050	0.184942	14478	-29	-397	13192
48.367412	0.185218	14426	-29	-392	13284
48.368091	0.185752	14335	-29	-395	13466
48.368370	0.185873	14296	-30	-395	13565
48.368659	0.186143	14256	-30	-397	13634
48.368896	0.186323	14218	-30	-392	13739
48.369331	0.186635	14167	-30	-395	13824
48.369640	0.186938	14128	-30	-395	13926
48.370105	0.187175	14077	-30	-395	14009
48.370506	0.187370	14039	-31	-395	14114
48.370796	0.187575	14001	-31	-392	14176
48.371181	0.187713	13963	-30	-390	14286
48.371631	0.187983	13912	-30	-392	14369
48.371948	0.188060	13874	-31	-387	14471
48.372440	0.188200	13823	-31	-390	14573
48.372753	0.188303	13785	-31	-390	14682
48.373069	0.188247	13746	-31	-387	14738
48.373390	0.188337	13708	-31	-387	14851
48.373756	0.188313	13656	-31	-385	14936
48.374073	0.188278	13617	-32	-385	15052
48.374710	0.188295	13528	-33	-380	15259
48.375034	0.188333	13490	-33	-382	15300
48.375263	0.188285	13453	-33	-377	15429
48.375637	0.188263	13403	-33	-377	15527
48.375888	0.188330	13366	-33	-380	15642
48.376304	0.188257	13317	-33	-377	15721
48.376678	0.188292	13279	-35	-377	15848
48.376991	0.188258	13242	-35	-372	15909
48.377399	0.188178	13205	-35	-375	16035
48.377880	0.188127	13155	-35	-375	16128
48.378219	0.187992	13117	-35	-372	16247
48.378742	0.187985	13067	-35	-377	16329
48.379066	0.188030	13029	-36	-375	16449
48.379470	0.188005	12992	-36	-377	16522
48.379817	0.188073	12955	-36	-377	16640
48.380294	0.187997	12906	-36	-375	16742
48.380718	0.187998	12871	-36	-377	16855
48.381168	0.187930	12823	-36	-375	16935
48.381893	0.187735	12752	-36	-375	17135
48.382244	0.187562	12716	-36	-372	17251
48.382717	0.187480	12669	-36	-377	17344
48.383007	0.187423	12632	-37	-377	17467
48.387176	0.186272	12244	-40	-370	18526
48.387619	0.186085	12198	-40	-370	18611
48.387859	0.185970	12164	-40	-367	18740
48.388225	0.185745	12118	-40	-365	18845
48.388473	0.185752	12083	-40	-367	18973
48.388946	0.185682	12013	-40	-367	19161
48.389225	0.185622	11967	-40	-362	19282
48.389511	0.185535	11933	-41	-365	19415
48.389812	0.185537	11887	-41	-365	19518
48.390041	0.185447	11852	-41	-362	19638
48.390308	0.185533	11818	-41	-365	19724
48.390537	0.185527	11783	-41	-360	19839
48.390922	0.185628	11738	-41	-360	19951
48.391139	0.185778	11703	-41	-357	20087
48.391479	0.185840	11658	-41	-355	20194
48.391754	0.185993	11624	-42	-357	20311
48.391990	0.186008	11591	-42	-352	20393
48.392314	0.186168	11557	-43	-357	20514
48.392704	0.186290	11513	-43	-352	20628
48.393051	0.186325	11480	-43	-355	20765
48.393447	0.186508	11436	-43	-355	20866
48.393775	0.186523	11403	-43	-352	21007
48.394134	0.186700	11369	-43	-355	21089
48.394931	0.186910	11293	-43	-352	21317
48.395195	0.187020	11261	-44	-350	21460
48.395698	0.187118	11218	-44	-350	21561
48.396064	0.187287	11186	-44	-352	21698
48.396518	0.187282	11154	-44	-352	21761
48.396900	0.187395	11123	-45	-350	21901
48.397464	0.187403	11080	-45	-350	22015
48.397911	0.187470	11049	-45	-350	22146
48.398426	0.187493	11007	-45	-347	22241
48.398876	0.187422	10977	-45	-350	22379
48.399269	0.187462	10946	-45	-352	22467
48.399681	0.187368	10916	-46	-350	22583
48.400226	0.187343	10877	-46	-352	22686
48.400562	0.187282	10847	-46	-352	22804
48.401107	0.187178	10808	-46	-352	22926
48.401504	0.187192	10779	-46	-355	23044
48.401889	0.187068	10750	-46	-350	23111
48.402339	0.187073	10721	-46	-355	23258
48.403224	0.186958	10653	-47	-352	23473
48.406658	0.184973	10369	-48	-355	24466
48.406909	0.184713	10341	-49	-360	24595
48.407249	0.184540	10304	-49	-355	24695
48.407440	0.184465	10276	-49	-360	24837
48.407745	0.184337	10239	-49	-355	24940
48.407958	0.184368	10210	-49	-352	25083
48.408142	0.184293	10182	-49	-347	25162
48.408390	0.184323	10154	-50	-350	25284
48.408653	0.184342	10116	-50	-347	25404
48.408889	0.184285	10088	-50	-342	25535
48.409221	0.184362	10052	-50	-345	25642
48.409412	0.184402	10024	-50	-340	25790
48.409698	0.184433	9996	-50	-340	25862
48.409893	0.184527	9968	-50	-337	26003
48.410274	0.184598	9931	-50	-337	26113
48.410915	0.184912	9866	-51	-335	26368
48.411289	0.185037	9838	-51	-337	26505
48.411586	0.185142	9809	-51	-335	26593
48.411998	0.185275	9781	-51	-337	26737
48.412467	0.185427	9744	-51	-337	26837
48.412887	0.185428	9716	-51	-335	26993
48.413482	0.185535	9678	-51	-340	27108
48.413883	0.185520	9649	-52	-337	27256
48.414382	0.185540	9621	-52	-340	27342
48.414794	0.185457	9593	-52	-340	27485
48.415451	0.185273	9556	-52	-345	27594
48.415851	0.185188	9528	-53	-345	27742
48.416423	0.184918	9491	-53	-342	27869
48.416862	0.184803	9464	-53	-347	28013
48.417224	0.184575	9436	-53	-342	28109
48.417636	0.184467	9409	-53	-342	28240
48.418079	0.184255	9372	-53	-340	28353
48.418483	0.184082	9344	-53	-340	28512
48.419269	0.183733	9280	-54	-335	28790
48.419612	0.183678	9252	-54	-337	28869
48.419914	0.183460	9225	-54	-332	29031
48.420383	0.183258	9188	-54	-337	29137
48.420669	0.183093	9161	-55	-332	29297
48.421157	0.182783	9125	-55	-335	29404
48.421478	0.182638	9098	-55	-335	29562
48.421848	0.182367	9072	-55	-332	29656
48.422180	0.182245	9045	-55	-335	29795
48.422626	0.181925	9010	-55	-330	29916
48.423046	0.181712	8984	-55	-335	30064
48.427024	0.179113	8726	-56	-335	31188
48.427371	0.178967	8700	-56	-332	31358
48.427909	0.178698	8666	-56	-332	31470
48.428279	0.178632	8640	-57	-335	31633
48.428718	0.178440	8606	-57	-332	31746
48.429389	0.178235	8554	-57	-332	32003
48.429775	0.178105	8528	-57	-335	32145
48.430183	0.177933	8494	-57	-335	32268
48.430557	0.177703	8469	-58	-335	32424
48.430999	0.177527	8435	-58	-337	32558
48.431308	0.177287	8410	-58	-332	32716
48.431690	0.177163	8384	-58	-337	32803
48.432014	0.176912	8359	-58	-335	32952
48.432552	0.176683	8326	-58	-337	33090
48.432876	0.176488	8300	-58	-335	33250
48.433406	0.176155	8267	-58	-335	33377
48.433750	0.175997	8241	-59	-335	33530
48.434478	0.175582	8191	-59	-337	33792
48.434940	0.175270	8158	-59	-335	33921
48.435337	0.175135	8133	-60	-335	34074
48.435783	0.174882	8099	-60	-332	34219
48.436218	0.174670	8074	-60	-335	34374
48.436557	0.174518	8049	-60	-332	34481
48.437000	0.174325	8024	-60	-332	34633
48.437530	0.174148	7991	-60	-332	34770
48.437942	0.173928	7966	-60	-330	34947
48.438526	0.173812	7932	-60	-332	35084
48.438888	0.173697	7907	-60	-330	35244
48.439353	0.173585	7882	-60	-332	35356
48.439712	0.173462	7856	-61	-327	35508
48.440299	0.173262	7823	-61	-330	35632
48.440692	0.173215	7797	-61	-330	35812
48.441257	0.173017	7764	-61	-327	35955
48.441722	0.172940	7739	-61	-330	36122
48.442115	0.172742	7714	-61	-325	36226
48.442584	0.172627	7689	-61	-327	36384
48.443092	0.172365	7656	-61	-322	36528
48.443538	0.172150	7631	-61	-322	36710
48.444019	0.171965	7597	-61	-322	36831
48.444408	0.171747	7573	-61	-320	37017
48.444759	0.171683	7547	-61	-320	37117
48.445613	0.171438	7488	-62	-320	37435
48.445926	0.171340	7465	-62	-317	37606
48.448982	0.172093	7231	-63	-312	38875
48.449298	0.172258	7208	-63	-312	39055
48.449703	0.172333	7177	-63	-310	39180
48.450084	0.172435	7154	-64	-312	39342
48.450496	0.172502	7124	-64	-310	39480
48.450904	0.172487	7102	-64	-315	39645
48.451229	0.172542	7080	-64	-310	39739
48.451656	0.172562	7057	-64	-317	39911
48.452430	0.172517	7004	-64	-322	40224
48.452861	0.172527	6974	-64	-330	40355
48.453113	0.172485	6951	-65	-325	40538
48.453456	0.172472	6928	-65	-327	40638
48.453704	0.172442	6906	-65	-322	40798
48.454139	0.172427	6876	-65	-327	40940
48.454395	0.172495	6854	-65	-327	41122
48.454776	0.172460	6825	-65	-322	41238
48.455078	0.172548	6803	-65	-322	41421
48.455318	0.172538	6781	-65	-320	41529
48.455612	0.172618	6759	-65	-320	41685
48.455883	0.172682	6729	-65	-317	41833
48.456130	0.172690	6707	-66	-317	42009
48.456378	0.172803	6679	-66	-315	42129
48.456539	0.172817	6658	-66	-312	42297
48.456741	0.172965	6637	-66	-312	42393
48.456901	0.172972	6615	-66	-310	42566
48.457164	0.173142	6586	-66	-310	42719
48.457275	0.173220	6564	-66	-305	42891
48.457542	0.173342	6535	-66	-305	43035
48.457668	0.173452	6513	-66	-305	43215
48.457897	0.173500	6490	-66	-305	43316
48.458049	0.173608	6468	-67	-302	43487
48.458328	0.173668	6439	-67	-300	43644
48.458736	0.173868	6388	-67	-292	43949
48.458942	0.173983	6367	-67	-292	44121
48.459091	0.174023	6348	-67	-287	44205
48.459316	0.174155	6329	-67	-287	44355
48.459518	0.174282	6302	-67	-282	44503
48.459743	0.174348	6281	-67	-282	44684
48.459941	0.174555	6254	-67	-280	44808
48.460117	0.174588	6234	-68	-277	44971
48.460243	0.174748	6215	-68	-275	45063
48.460414	0.174783	6195	-68	-275	45211
48.460594	0.174962	6169	-68	-275	45348
48.460720	0.174972	6150	-68	-270	45510
48.461845	0.175597	5948	-69	-255	46801
48.461975	0.175698	5929	-69	-252	46962
48.462059	0.175767	5902	-69	-250	47116
48.462188	0.175785	5882	-69	-250	47291
48.462276	0.175887	5855	-69	-250	47433
48.462352	0.175885	5835	-69	-245	47598
48.462471	0.176012	5815	-69	-242	47707
48.462543	0.176045	5794	-70	-240	47879
48.462722	0.176185	5767	-70	-240	48025
48.462799	0.176327	5746	-70	-237	48217
48.462970	0.176415	5719	-70	-235	48354
48.463100	0.176597	5698	-70	-235	48539
48.463214	0.176650	5677	-70	-232	48630
48.463348	0.176842	5657	-70	-235	48821
48.463493	0.176947	5631	-70	-240	48947
48.463657	0.177137	5611	-70	-232	49142
48.463817	0.177302	5584	-70	-227	49274
48.464000	0.177402	5564	-70	-225	49456
48.464103	0.177567	5545	-70	-225	49569
48.464271	0.177670	5524	-70	-222	49757
48.464427	0.177902	5496	-70	-222	49898
48.464523	0.177973	5475	-70	-217	50087
48.464717	0.178182	5448	-70	-217	50244
48.464965	0.178410	5409	-70	-215	50506
48.465049	0.178510	5389	-70	-210	50685
48.465263	0.178635	5362	-70	-212	50818
48.465347	0.178770	5342	-70	-207	51038
48.465549	0.178840	5315	-70	-207	51165
48.465656	0.178990	5295	-70	-205	51364
48.465789	0.178995	5274	-70	-205	51469
48.465888	0.179128	5252	-70	-202	51658
48.466045	0.179175	5223	-70	-200	51830
48.466190	0.179305	5202	-70	-197	52024
48.466300	0.179382	5174	-70	-195	52170
48.466461	0.179488	5154	-70	-192	52368
48.466720	0.179680	5113	-71	-192	52647
48.466846	0.179805	5086	-71	-195	52808
48.466999	0.179868	5067	-71	-190	52987
48.467124	0.180032	5041	-71	-187	53136
48.467250	0.180037	5022	-71	-187	53305
48.467350	0.180180	5003	-71	-185	53407
48.467483	0.180200	4984	-71	-185	53589
48.467636	0.180365	4959	-71	-182	53731
48.467716	0.180398	4939	-70	-180	53943
48.468894	0.181143	4740	-70	-167	55395
48.469123	0.181310	4694	-70	-165	55717
48.469272	0.181373	4675	-70	-165	55917
48.469379	0.181485	4648	-70	-162	56067
48.469509	0.181487	4629	-70	-162	56261
48.469600	0.181590	4609	-70	-162	56380
48.469722	0.181587	4588	-70	-160	56576
48.469898	0.181703	4561	-70	-157	56735
48.469985	0.181710	4541	-70	-157	56951
48.470195	0.181790	4514	-70	-155	57096
48.470272	0.181858	4495	-70	-150	57290
48.470443	0.181880	4475	-70	-150	57407
48.470550	0.181967	4456	-70	-150	57587
48.470909	0.182098	4412	-70	-147	57934
48.471069	0.182152	4387	-70	-145	58094
48.471252	0.182163	4368	-70	-147	58283
48.471366	0.182272	4348	-70	-145	58394
48.471549	0.182307	4329	-70	-145	58605
48.471736	0.182468	4303	-70	-142	58749
48.472114	0.182612	4256	-70	-142	59117
48.472225	0.182690	4236	-70	-140	59327
48.472404	0.182757	4217	-70	-137	59428
48.472511	0.182850	4198	-69	-135	59631
48.472709	0.182913	4172	-69	-135	59793
48.472839	0.183045	4153	-69	-135	60007
48.472984	0.183062	4128	-69	-132	60160
48.473125	0.183127	4109	-69	-132	60359
48.473190	0.183145	4090	-69	-132	60486
48.473331	0.183220	4070	-68	-130	60688
48.473411	0.183300	4043	-68	-130	60855
48.473510	0.183282	4023	-68	-127	61062
48.473609	0.183420	3996	-68	-125	61227
48.473686	0.183412	3976	-68	-125	61444
48.473793	0.183532	3956	-68	-125	61575
48.473892	0.183522	3935	-68	-122	61774
48.474075	0.183633	3909	-68	-120	61934
48.474155	0.183688	3891	-68	-120	62121
48.474327	0.183782	3866	-68	-120	62297
48.474575	0.183950	3829	-67	-115	62610
48.474826	0.184177	3786	-67	-115	62951
48.474971	0.184315	3768	-67	-110	63145
48.476108	0.185452	3585	-66	-100	64660
48.476181	0.185542	3568	-66	-102	64842
48.476364	0.185747	3544	-66	-100	65004
48.476722	0.186233	3484	-65	-95	65568
48.476844	0.186337	3466	-65	-97	65690
48.476928	0.186582	3447	-65	-95	65883
48.477092	0.186763	3423	-65	-92	66056
48.477218	0.187013	3404	-65	-90	66276
48.477344	0.187207	3378	-65	-90	66445
48.477855	0.188068	3294	-64	-87	67165
48.478004	0.188233	3275	-64	-85	67391
48.478126	0.188565	3249	-64	-82	67566
48.478260	0.188722	3230	-63	-82	67782
48.478340	0.189007	3210	-63	-82	67908
48.478477	0.189180	3191	-63	-80	68126
48.478900	0.190022	3118	-63	-82	68714
48.478984	0.190177	3099	-63	-77	68930
48.479118	0.190447	3080	-63	-75	69056
48.479217	0.190573	3061	-62	-75	69268
48.479393	0.190853	3037	-62	-72	69424
48.479454	0.191027	3019	-62	-70	69643
48.479671	0.191448	2979	-61	-67	69987
48.479801	0.191588	2962	-61	-67	70109
48.479850	0.191803	2945	-61	-67	70296
48.480018	0.192010	2923	-61	-67	70439
48.480083	0.192258	2906	-61	-65	70668
48.480213	0.192457	2883	-61	-65	70833
48.480319	0.192710	2866	-60	-62	71023
48.480503	0.193095	2832	-60	-60	71332
48.480606	0.193303	2810	-60	-60	71502
48.480747	0.193532	2793	-60	-60	71710
48.480846	0.193773	2770	-60	-60	71879
48.480995	0.193927	2753	-60	-57	72072
48.481060	0.194122	2735	-60	-57	72197
48.481472	0.194713	2677	-59	-55	72785
48.482631	0.196507	2510	-57	-45	74321
48.482749	0.196607	2493	-57	-45	74518
48.482936	0.196880	2470	-57	-45	74685
48.483028	0.197013	2452	-56	-45	74917
48.483226	0.197238	2429	-56	-42	75074
48.483299	0.197417	2411	-56	-40	75303
48.483455	0.197552	2394	-56	-40	75438
48.483543	0.197747	2376	-56	-40	75647
48.483734	0.197918	2352	-56	-37	75825
48.483848	0.198148	2334	-55	-37	76056
48.484016	0.198307	2311	-55	-37	76226
48.484153	0.198528	2293	-55	-35	76437
48.484264	0.198595	2276	-55	-35	76568
48.484485	0.198855	2234	-55	-32	76971
48.484611	0.198983	2216	-54	-32	77200
48.484710	0.199157	2192	-54	-32	77376
48.484836	0.199245	2173	-53	-30	77624
48.484916	0.199413	2155	-53	-32	77759
48.485054	0.199482	2136	-53	-30	77971
48.485401	0.199928	2068	-53	-27	78613
48.485473	0.199987	2049	-52	-25	78848
48.485588	0.200157	2030	-52	-25	78987
48.485664	0.200217	2012	-51	-25	79217
48.485809	0.200397	1986	-51	-22	79445
48.485855	0.200498	1966	-51	-20	79693
48.486183	0.200930	1900	-51	-17	80300
48.486228	0.201067	1881	-50	-15	80546
48.486373	0.201222	1855	-50	-15	80755
48.486442	0.201433	1836	-50	-15	80995
48.486568	0.201582	1811	-50	-15	81184
48.486656	0.201808	1793	-49	-10	81421
48.486831	0.202110	1756	-49	-10	81795
48.486965	0.202267	1733	-49	-10	81984
48.487075	0.202477	1715	-48	-12	82238
48.487285	0.202837	1672	-48	-65	82668
48.487331	0.203018	1655	-48	-7	82807
48.487461	0.203195	1637	-48	-2	83031
48.487541	0.203440	1613	-48	-5	83238
48.487659	0.203567	1595	-47	-5	83473
48.489128	0.206213	1314	-43	10	86460
48.489257	0.206317	1296	-43	10	86604
48.490020	0.207203	1173	-42	17	87927
48.490261	0.207552	1131	-41	20	88381
48.490520	0.207890	1088	-41	22	88853
48.490684	0.208065	1070	-40	10	89118
48.490779	0.208148	1052	-40	25	89264
48.491062	0.208442	1009	-40	25	89729
48.491230	0.208580	992	-40	30	89980
48.491382	0.208757	969	-40	30	90166
48.491565	0.208828	952	-39	32	90399
48.491680	0.208948	935	-39	32	90559
48.491867	0.209028	918	-38	35	90775
48.492031	0.209205	895	-38	35	90984
48.492214	0.209263	878	-38	37	91231
48.492393	0.209447	856	-38	40	91440
48.492576	0.209488	839	-37	42	91669
48.492702	0.209632	822	-37	42	91813
48.492885	0.209702	805	-37	42	92049
48.493064	0.209895	783	-37	45	92246
48.493450	0.210120	742	-36	47	92716
48.493724	0.210335	707	-36	50	93121
48.493900	0.210377	690	-35	52	93373
48.494102	0.210575	666	-35	52	93590
48.494232	0.210640	649	-35	55	93858
48.494445	0.210820	624	-35	57	94066
48.494514	0.210950	606	-35	57	94325
48.494655	0.211108	588	-35	60	94468
48.494712	0.211213	570	-34	60	94718
48.494869	0.211450	546	-34	60	94917
48.494930	0.211567	529	-33	62	95181
48.496067	0.212578	359	-30	70	97097
48.496231	0.212743	342	-30	72	97340
48.496379	0.212885	319	-30	72	97549
48.496562	0.213005	302	-30	75	97809
48.496704	0.213190	280	-30	77	97999
48.496852	0.213283	263	-30	77	98261
48.496952	0.213470	247	-30	75	98399
48.497131	0.213577	231	-29	77	98656
48.497314	0.213782	209	-29	77	98862
48.497489	0.213847	192	-27	77	99122
48.497688	0.214040	171	-27	80	99293
48.497795	0.214045	156	-26	82	99528
48.497859	0.214147	141	-26	85	99588
48.497909	0.214195	128	-26	85	99588
48.497913	0.214198	124	-26	85	99588
48.497913	0.214198	124	-26	85	99591
48.497913	0.214198	124	-26	85	99591
48.497913	0.214198	124	-26	85	99580
48.497913	0.214198	124	-26	85	99599
48.497913	0.214198	124	-26	85	99588
48.497913	0.214198	124	-26	85	99591
48.497913	0.214198	124	-26	85	99585
48.497913	0.214198	124	-26	85	99596
48.497913	0.214198	124	-26	85	99591
48.497913	0.214198	124	-26	85	99588
48.497913	0.214198	124	-25	85	99583
48.497913	0.214198	124	-25	85	99596
48.497913	0.214198	124	-25	82	99588
48.497913	0.214198	124	-25	82	99585
48.497913	0.214198	124	-25	82	99602
48.497913	0.214198	124	-25	82	99574
48.497913	0.214198	124	-24	85	99591
48.497913	0.214198	124	-24	30	99594
48.497913	0.214198	124	-24	85	99588
48.497913	0.214198	124	-23	85	99602
48.497913	0.214198	124	-23	85	99591
48.497913	0.214198	124	-23	85	99585
48.497913	0.214198	124	-23	82	99591
48.497913	0.214198	124	-22	82	99591
48.497913	0.214198	124	-22	82	99588
48.497913	0.214198	124	-21	85	99599
48.497913	0.214198	124	-21	85	99593
48.497913	0.214198	124	-21	82	99582
48.497913	0.214198	124	-21	82	99591
48.497913	0.214198	124	-21	82	99591
48.497913	0.214198	124	-21	82	99585
48.497913	0.214198	124	-20	85	99591
48.497913	0.214198	124	-18	85	99588
48.497913	0.214198	124	-18	85	99588
48.497913	0.214198	124	-18	85	99582
48.497913	0.214198	124	-18	87	99590
48.497913	0.214198	124	-18	87	99588
48.497913	0.214198	124	-17	87	99585
48.497913	0.214198	124	-17	87	99588
48.497913	0.214198	124	-16	87	99590
48.497913	0.214198	124	-16	87	99582
48.497913	0.214198	124	-16	87	99585
48.497913	0.214198	124	-16	87	99579
48.497913	0.214198	124	-16	87	99588
48.497913	0.214198	124	-16	87	99574
48.497913	0.214198	124	-15	87	99593
48.497913	0.214198	124	-15	87	99593
48.497913	0.214198	124	-15	87	99596
48.497913	0.214198	124	-15	87	99579
48.497913	0.214198	124	-14	87	99590
48.497913	0.214198	124	-14	87	99593
48.497913	0.214198	124	-14	87	99585
48.497913	0.214198	124	-13	87	99593
