000000	0000.00N	00000.00E	000	000	0.0	35	199	132	124	202	938.3556	15.625	18.359375	47.71431	13.694915	
000000	0000.00N	00000.00E	000	000	0.0	35	199	132	129	200	938.3556	15.625	18.359375	50.89737	13.559322	
092800	4759.35N	00014.72E	000	000	54.5592	34	200	130	144	173	944.21497	7.8125	16.40625	60.446545	11.728813	
092842	4759.35N	00014.72E	000	000	54.5592	35	200	130	148	175	944.21497	7.8125	18.359375	62.992992	11.864407	
092924	4759.35N	00014.72E	000	000	54.5592	34	199	129	149	173	938.3556	3.90625	16.40625	63.629604	11.728813	
093027	4759.35N	00014.72E	000	000	54.5592	35	200	131	142	174	944.21497	11.71875	18.359375	59.17332	11.79661	
093047	4759.35N	00014.72E	000	000	54.5592	28	174	130	139	170	791.8712	7.8125	4.6875	57.263485	11.525424	
093109	4759.35N	00014.72E	000	000	54.5592	34	199	130	135	175	938.3556	7.8125	16.40625	54.71704	11.864407	
093130	4759.35N	00014.72E	000	000	54.5592	35	200	130	133	174	944.21497	7.8125	18.359375	53.443817	11.79661	
000000	0000.00N	00000.00E	000	000	0.0	34	193	129	133	174	903.19934	3.90625	16.40625	53.443817	11.79661	
000000	0000.00N	00000.00E	000	000	0.0	34	192	129	136	173	897.33997	3.90625	16.40625	55.35365	11.728813	
000000	0000.00N	00000.00E	000	000	0.0	34	192	129	137	174	897.33997	3.90625	16.40625	55.99026	11.79661	
000000	0000.00N	00000.00E	000	000	0.0	35	190	129	140	174	885.6212	3.90625	18.359375	57.900097	11.79661	
000000	0000.00N	00000.00E	000	000	0.0	35	187	129	136	174	868.0431	3.90625	18.359375	55.35365	11.79661	
000000	0000.00N	00000.00E	000	000	0.0	34	189	128	135	175	879.76184	0.0	16.40625	54.71704	11.864407	
000000	0000.00N	00000.00E	000	000	0.0	35	189	129	134	175	879.76184	3.90625	18.359375	54.08043	11.864407	
000000	0000.00N	00000.00E	000	000	0.0	35	184	128	137	174	850.46497	0.0	18.359375	55.99026	11.79661	
000000	0000.00N	00000.00E	000	000	0.0	35	184	128	137	175	850.46497	0.0	18.359375	55.99026	11.864407	
000000	0000.00N	00000.00E	000	000	0.0	35	183	128	137	174	844.6056	0.0	18.359375	55.99026	11.79661	
000000	0000.00N	00000.00E	000	000	0.0	35	181	128	139	174	832.88684	0.0	18.359375	57.263485	11.79661	
000000	0000.00N	00000.00E	000	000	0.0	34	181	128	138	175	832.88684	0.0	16.40625	56.626873	11.864407	
000000	0000.00N	00000.00E	000	000	0.0	35	178	127	137	175	815.3087	-3.90625	18.359375	55.99026	11.864407	
000000	0000.00N	00000.00E	000	000	0.0	35	176	127	134	176	803.58997	-3.90625	18.359375	54.08043	11.932203	
000000	0000.00N	00000.00E	000	000	0.0	34	175	127	133	175	797.7306	-3.90625	16.40625	53.443817	11.864407	
000000	0000.00N	00000.00E	000	000	0.0	23	131	128	130	172	539.9181	0.0	-5.078125	51.53398	11.661017	
000000	0000.00N	00000.00E	000	000	0.0	22	129	127	130	172	528.19934	-3.90625	-7.03125	51.53398	11.661017	
000000	0000.00N	00000.00E	000	000	0.0	20	129	127	129	171	528.19934	-3.90625	-10.9375	50.89737	11.593221	
000000	0000.00N	00000.00E	000	000	0.0	20	127	127	129	171	516.4806	-3.90625	-10.9375	50.89737	11.593221	
000000	0000.00N	00000.00E	000	000	0.0	35	170	127	126	174	768.4337	-3.90625	18.359375	48.987534	11.79661	
000000	0000.00N	00000.00E	000	000	0.0	34	170	127	127	174	768.4337	-3.90625	16.40625	49.624146	11.79661	
000000	0000.00N	00000.00E	000	000	0.0	36	168	127	128	176	756.71497	-3.90625	20.3125	50.260757	11.932203	
000000	0000.00N	00000.00E	000	000	0.0	36	165	126	129	175	739.13684	-7.8125	20.3125	50.89737	11.864407	
093822	4759.95N	00015.76E	041	010	2051.609	34	163	126	125	175	727.4181	-7.8125	16.40625	48.35092	11.864407	
093907	4800.07N	00015.92E	035	016	2277.7705	34	160	126	118	175	709.83997	-7.8125	16.40625	43.894638	11.864407	
000000	0000.00N	00000.00E	000	000	0.0	34	160	126	119	175	709.83997	-7.8125	16.40625	44.53125	11.864407	
000000	0000.00N	00000.00E	000	000	0.0	35	158	126	115	175	698.1212	-7.8125	18.359375	41.984802	11.864407	
000000	0000.00N	00000.00E	000	000	0.0	22	115	125	108	171	446.16812	-11.71875	-7.03125	37.528522	11.593221	
000000	0000.00N	00000.00E	000	000	0.0	35	155	126	101	176	680.5431	-7.8125	18.359375	33.07224	11.932203	
094037	4800.32N	00016.19E	034	014	2689.2505	35	154	125	96	176	674.6837	-11.71875	18.359375	29.889177	11.932203	
000000	0000.00N	00000.00E	000	000	0.0	35	154	125	97	175	674.6837	-11.71875	18.359375	30.52579	11.864407	
094100	4800.37N	00016.26E	053	009	2804.1602	34	152	125	97	175	662.96497	-11.71875	16.40625	30.52579	11.864407	
094121	4800.43N	00016.31E	031	009	2911.4497	35	150	124	95	176	651.2462	-15.625	18.359375	29.252565	11.932203	
094142	4800.48N	00016.36E	017	009	3012.3384	35	149	125	99	176	645.38684	-11.71875	18.359375	31.799013	11.932203	
094202	4800.52N	00016.43E	050	017	3108.0457	35	148	125	97	175	639.52747	-11.71875	18.359375	30.52579	11.864407	
094224	4800.59N	00016.52E	048	011	3213.2017	34	146	124	90	175	627.8087	-15.625	16.40625	26.069508	11.864407	
094245	4800.64N	00016.59E	048	011	3318.0527	21	102	125	90	173	369.99625	-11.71875	-8.984375	26.069508	11.728813	
094306	4800.71N	00016.67E	050	015	3422.904	34	143	124	96	176	610.2306	-15.625	16.40625	29.889177	11.932203	
000000	0000.00N	00000.00E	000	000	0.0	34	142	124	96	176	604.3712	-15.625	16.40625	29.889177	11.932203	
000000	0000.00N	00000.00E	000	000	0.0	35	140	124	99	175	592.65247	-15.625	18.359375	31.799013	11.864407	
000000	0000.00N	00000.00E	000	000	0.0	34	139	124	101	175	586.7931	-15.625	16.40625	33.07224	11.864407	
000000	0000.00N	00000.00E	000	000	0.0	35	136	123	100	176	569.21497	-19.53125	18.359375	32.435623	11.932203	
000000	0000.00N	00000.00E	000	000	0.0	35	135	123	97	175	563.3556	-19.53125	18.359375	30.52579	11.864407	
000000	0000.00N	00000.00E	000	000	0.0	35	134	123	96	176	557.4962	-19.53125	18.359375	29.889177	11.932203	
000000	0000.00N	00000.00E	000	000	0.0	35	134	122	95	176	557.4962	-23.4375	18.359375	29.252565	11.932203	
094541	4801.16N	00017.30E	061	013	4205.935	20	89	123	96	173	293.82437	-19.53125	-10.9375	29.889177	11.728813	
000000	0000.00N	00000.00E	000	000	0.0	35	131	123	94	175	539.9181	-19.53125	18.359375	28.615953	11.864407	
094623	4801.25N	00017.44E	044	013	4413.809	34	130	123	92	176	534.0587	-19.53125	16.40625	27.342731	11.932203	
000000	0000.00N	00000.00E	000	000	0.0	34	129	122	91	176	528.19934	-23.4375	16.40625	26.70612	11.932203	
094646	4801.31N	00017.51E	037	014	4536.948	34	128	122	91	175	522.33997	-23.4375	16.40625	26.70612	11.864407	
094707	4801.38N	00017.58E	039	017	4656.4297	35	127	122	90	176	516.4806	-23.4375	18.359375	26.069508	11.932203	
094727	4801.44N	00017.65E	038	016	4760.976	35	126	122	89	175	510.62125	-23.4375	18.359375	25.432896	11.864407	
094749	4801.51N	00017.73E	033	016	4874.6665	34	123	121	86	176	493.04312	-27.34375	16.40625	23.52306	11.932203	
094810	4801.58N	00017.81E	037	012	4994.148	34	122	121	87	176	487.18375	-27.34375	16.40625	24.159672	11.932203	
094831	4801.64N	00017.87E	027	012	5113.02	34	121	121	86	176	481.32437	-27.34375	16.40625	23.52306	11.932203	
094852	4801.71N	00017.96E	040	018	5230.368	18	76	120	86	172	217.6525	-31.25	-14.84375	23.52306	11.661017	
094912	4801.78N	00018.03E	029	016	5345.278	34	118	120	87	176	463.74625	-31.25	16.40625	24.159672	11.932203	
094934	4801.85N	00018.10E	027	017	5466.588	34	117	120	87	176	457.88687	-31.25	16.40625	24.159672	11.932203	
094955	4801.92N	00018.17E	022	018	5584.546	34	115	120	86	176	446.16812	-31.25	16.40625	23.52306	11.932203	
095016	4802.01N	00018.22E	036	020	5690.311	34	114	119	85	176	440.30875	-35.15625	16.40625	22.886448	11.932203	
095037	4802.10N	00018.30E	035	016	5794.5527	34	113	119	86	175	434.44937	-35.15625	16.40625	23.52306	11.864407	
095058	4802.17N	00018.35E	021	019	5894.2227	33	112	119	82	176	428.59	-35.15625	14.453125	20.976612	11.932203	
095119	4802.26N	00018.41E	026	015	6018.581	33	110	118	80	175	416.87125	-39.0625	14.453125	19.70339	11.864407	
095140	4802.36N	00018.48E	022	017	6127.699	18	65	119	78	172	153.19937	-35.15625	-14.84375	18.430166	11.661017	
095201	4802.47N	00018.53E	027	021	6240.7803	33	108	118	77	175	405.1525	-39.0625	14.453125	17.793554	11.864407	
095222	4802.59N	00018.59E	014	019	6360.5664	33	106	118	78	176	393.43375	-39.0625	14.453125	18.430166	11.932203	
095243	4802.71N	00018.61E	359	020	6487.3633	33	106	118	77	176	393.43375	-39.0625	14.453125	17.793554	11.932203	
095304	4802.86N	00018.62E	357	022	6585.8135	33	105	118	75	176	387.57437	-39.0625	14.453125	16.52033	11.932203	
095325	4803.01N	00018.61E	004	023	6685.788	33	104	118	72	176	381.715	-39.0625	14.453125	14.610495	11.932203	
095346	4803.17N	00018.62E	358	025	6787.2866	32	102	118	70	175	369.99625	-39.0625	12.5	13.337272	11.864407	
095407	4803.34N	00018.59E	001	032	6888.7847	32	101	118	68	175	364.13687	-39.0625	12.5	12.064048	11.864407	
095428	4803.51N	00018.57E	000	027	6994.2456	32	100	118	66	176	358.2775	-39.0625	12.5	10.790824	11.932203	
095449	4803.68N	00018.55E	348	031	7094.8296	15	52	118	63	172	77.0275	-39.0625	-20.703125	8.880989	11.661017	
095510	4803.87N	00018.52E	345	037	7189.318	32	99	118	62	176	352.41812	-39.0625	12.5	8.244377	11.932203	
095531	4804.06N	00018.43E	338	037	7291.7305	32	98	118	60	176	346.55875	-39.0625	12.5	6.9711537	11.932203	
095552	4804.26N	00018.32E	348	039	7389.2666	32	97	118	60	176	340.69937	-39.0625	12.5	6.9711537	11.932203	
095613	4804.47N	00018.24E	350	037	7492.289	33	96	118	58	176	334.84	-39.0625	14.453125	5.69793	11.932203	
095634	4804.68N	00018.15E	344	035	7625.4863	31	94	118	57	176	323.12125	-39.0625	10.546875	5.0613184	11.932203	
095655	4804.92N	00018.05E	338	044	7725.1562	33	94	118	56	176	323.12125	-39.0625	14.453125	4.4247065	11.932203	
095716	4805.13N	00017.93E	337	044	7832.7505	32	93	118	56	175	317.26187	-39.0625	12.5	4.4247065	11.864407	
095737	4805.36N	00017.80E	343	043	7945.5264	14	45	117	55	172	36.01187	-42.96875	-22.65625	3.7880945	11.661017	
095758	4805.60N	00017.66E	344	041	8049.4634	14	41	117	54	172	12.574371	-42.96875	-22.65625	3.1514828	11.661017	
095819	4805.80N	00017.51E	337	034	8156.143	32	90	116	54	176	299.68375	-46.875	12.5	3.1514828	11.932203	
095840	4805.99N	00017.38E	341	031	8268.31	32	89	117	53	176	293.82437	-42.96875	12.5	2.5148711	11.932203	
095901	4806.19N	00017.32E	350	039	8376.209	31	89	117	53	176	293.82437	-42.96875	10.546875	2.5148711	11.932203	
095922	4806.41N	00017.23E	350	039	8473.136	31	87	116	52	176	282.10562	-46.875	10.546875	1.8782593	11.932203	
095943	4806.63N	00017.14E	337	036	8577.377	31	86	117	52	176	276.24625	-42.96875	10.546875	1.8782593	11.932203	
100004	4806.83N	00017.08E	347	036	8677.352	14	38	118	50	172	-5.0037537	-39.0625	-22.65625	0.6050357	11.661017	
100025	4807.02N	00017.03E	345	034	8784.641	12	35	117	50	171	-22.581879	-42.96875	-26.5625	0.6050357	11.593221	
100046	4807.21N	00016.94E	336	037	8880.958	30	84	117	51	175	264.5275	-42.96875	8.59375	1.2416475	11.864407	
100107	4807.38N	00016.83E	332	035	8976.36	31	84	117	50	175	264.5275	-42.96875	10.546875	0.6050357	11.864407	
100128	4807.55N	00016.70E	337	028	9079.078	30	82	117	50	176	252.80875	-42.96875	8.59375	0.6050357	11.932203	
100149	4807.68N	00016.59E	349	022	9205.265	31	82	117	51	176	252.80875	-42.96875	10.546875	1.2416475	11.932203	
100210	4807.84N	00016.49E	327	030	9312.859	31	81	117	49	176	246.94937	-42.96875	10.546875	-0.031576086	11.932203	
100231	4808.00N	00016.37E	323	028	9416.491	30	80	117	50	176	241.09	-42.96875	8.59375	0.6050357	11.932203	
100252	4808.15N	00016.29E	336	030	9508.846	31	80	117	50	176	241.09	-42.96875	10.546875	0.6050357	11.932203	
100313	4808.32N	00016.21E	341	030	9601.2	13	27	117	50	173	-69.45688	-42.96875	-24.609375	0.6050357	11.728813	
100334	4808.49N	00016.12E	338	028	9675.267	30	79	117	48	175	235.23062	-42.96875	8.59375	-0.66818786	11.864407	
100355	4808.66N	00016.03E	343	034	9755.124	30	78	117	49	175	229.37125	-42.96875	8.59375	-0.031576086	11.864407	
100416	4808.83N	00015.97E	359	031	9848.393	30	77	117	49	175	223.51187	-42.96875	8.59375	-0.031576086	11.864407	
100437	4809.00N	00015.97E	000	026	9953.549	30	76	116	48	176	217.6525	-46.875	8.59375	-0.66818786	11.932203	
100459	4809.18N	00016.01E	000	031	10049.256	30	77	117	49	176	223.51187	-42.96875	8.59375	-0.031576086	11.932203	
100520	4809.32N	00016.03E	003	025	10134.601	30	76	117	49	176	217.6525	-42.96875	8.59375	-0.031576086	11.932203	
100541	4809.45N	00016.03E	347	024	10234.574	30	75	117	48	175	211.79312	-42.96875	8.59375	-0.66818786	11.864407	
100602	4809.57N	00015.98E	329	022	10324.186	13	30	116	48	174	-51.878754	-46.875	-24.609375	-0.66818786	11.79661	
100622	4809.67N	00015.94E	347	022	10409.835	11	22	117	47	171	-98.75375	-42.96875	-28.515625	-1.3047997	11.593221	
100644	4809.77N	00015.90E	334	026	10513.162	30	74	116	47	175	205.93375	-46.875	8.59375	-1.3047997	11.864407	
100705	4809.93N	00015.84E	348	026	10628.376	29	72	116	46	175	194.215	-46.875	6.640625	-1.9414114	11.864407	
100726	4810.10N	00015.77E	345	027	10708.233	29	73	117	48	175	200.07437	-42.96875	6.640625	-0.66818786	11.864407	
100747	4810.25N	00015.72E	347	031	10793.883	28	71	115	48	176	188.35562	-50.78125	4.6875	-0.66818786	11.932203	
100807	4810.40N	00015.65E	341	033	10876.788	29	71	116	48	176	188.35562	-46.875	6.640625	-0.66818786	11.932203	
100829	4810.60N	00015.56E	350	035	10980.115	28	70	116	47	175	182.49625	-46.875	4.6875	-1.3047997	11.864407	
100850	4810.80N	00015.54E	357	031	11070.945	29	70	116	46	175	182.49625	-46.875	6.640625	-1.9414114	11.864407	
100911	4810.98N	00015.51E	353	030	11155.07	11	22	117	46	172	-98.75375	-42.96875	-28.515625	-1.9414114	11.661017	
100932	4811.18N	00015.51E	355	032	11249.559	28	68	116	48	175	170.7775	-46.875	4.6875	-0.66818786	11.864407	
100952	4811.35N	00015.55E	005	030	11337.036	29	68	117	48	176	170.7775	-42.96875	6.640625	-0.66818786	11.932203	
101014	4811.54N	00015.61E	013	031	11425.733	28	67	116	46	174	164.91812	-46.875	4.6875	-1.9414114	11.79661	
101035	4811.70N	00015.66E	013	029	11505.286	29	68	117	46	174	170.7775	-42.96875	6.640625	-1.9414114	11.79661	
101056	4811.87N	00015.72E	017	031	11582.4	28	67	117	47	176	164.91812	-42.96875	4.6875	-1.3047997	11.932203	
101117	4812.02N	00015.75E	351	022	11689.08	28	66	116	46	175	159.05875	-46.875	4.6875	-1.9414114	11.864407	
101137	4812.12N	00015.74E	356	019	11776.862	28	66	117	46	175	159.05875	-42.96875	4.6875	-1.9414114	11.864407	
101159	4812.22N	00015.75E	008	018	11857.939	28	66	116	47	176	159.05875	-46.875	4.6875	-1.3047997	11.932203	
101220	4812.30N	00015.73E	336	017	11960.657	10	18	117	46	171	-122.19125	-42.96875	-30.46875	-1.9414114	11.593221	
101241	4812.40N	00015.68E	333	019	12064.289	28	64	116	47	176	147.34	-46.875	4.6875	-1.3047997	11.932203	
101302	4812.49N	00015.62E	344	017	12152.376	28	64	116	46	175	147.34	-46.875	4.6875	-1.9414114	11.864407	
101322	4812.60N	00015.55E	338	023	12232.538	29	63	115	47	176	141.48062	-50.78125	6.640625	-1.3047997	11.932203	
101344	4812.73N	00015.47E	338	021	12323.369	28	64	116	46	174	147.34	-46.875	4.6875	-1.9414114	11.79661	
101405	4812.86N	00015.40E	342	028	12414.504	28	63	116	46	175	141.48062	-46.875	4.6875	-1.9414114	11.864407	
101426	4813.00N	00015.36E	350	021	12502.592	27	62	116	45	176	135.62125	-46.875	2.734375	-2.5780232	11.932203	
101447	4813.14N	00015.35E	348	024	12590.983	28	63	116	46	174	141.48062	-46.875	4.6875	-1.9414114	11.79661	
101507	4813.24N	00015.32E	342	018	12674.804	8	18	116	46	172	-122.19125	-46.875	-34.375	-1.9414114	11.661017	
101529	4813.37N	00015.28E	354	025	12763.195	27	62	116	45	174	135.62125	-46.875	2.734375	-2.5780232	11.79661	
101550	4813.50N	00015.28E	359	021	12845.796	28	61	116	47	176	129.76187	-46.875	4.6875	-1.3047997	11.932203	
101611	4813.63N	00015.27E	346	022	12931.445	28	61	116	45	175	129.76187	-46.875	4.6875	-2.5780232	11.864407	
101632	4813.78N	00015.27E	350	028	13017.398	28	61	116	44	173	129.76187	-46.875	4.6875	-3.214635	11.728813	
101652	4813.92N	00015.27E	000	024	13096.646	28	61	116	46	174	129.76187	-46.875	4.6875	-1.9414114	11.79661	
101714	4814.06N	00015.27E	358	024	13182.295	26	59	116	44	175	118.04312	-46.875	0.78125	-3.214635	11.864407	
101735	4814.19N	00015.25E	002	023	13276.174	26	58	115	46	174	112.18375	-50.78125	0.78125	-1.9414114	11.79661	
101756	4814.33N	00015.24E	001	020	13367.309	27	59	116	45	174	118.04312	-46.875	2.734375	-2.5780232	11.79661	
101817	4814.46N	00015.24E	009	022	13457.225	8	18	116	46	172	-122.19125	-46.875	-34.375	-1.9414114	11.661017	
101838	4814.58N	00015.25E	009	020	13541.35	26	58	116	45	175	112.18375	-46.875	0.78125	-2.5780232	11.864407	
101859	4814.72N	00015.28E	010	025	13623.95	27	58	115	45	175	112.18375	-50.78125	2.734375	-2.5780232	11.864407	
101920	4814.87N	00015.28E	001	029	13708.99	27	58	116	45	174	112.18375	-46.875	2.734375	-2.5780232	11.79661	
101941	4815.01N	00015.29E	006	026	13790.676	28	57	116	45	175	106.32437	-46.875	4.6875	-2.5780232	11.864407	
102002	4815.14N	00015.30E	013	023	13872.667	26	56	114	45	174	100.465	-54.6875	0.78125	-2.5780232	11.79661	
102023	4815.30N	00015.32E	011	033	13983.005	26	56	116	45	175	100.465	-46.875	0.78125	-2.5780232	11.864407	
102044	4815.47N	00015.38E	014	027	14063.167	27	57	116	45	175	106.32437	-46.875	2.734375	-2.5780232	11.864407	
102105	4815.60N	00015.43E	011	031	14158.265	5	21	116	45	171	-104.61313	-46.875	-40.234375	-2.5780232	11.593221	
102126	4815.73N	00015.51E	025	026	14246.353	7	20	116	44	171	-110.4725	-46.875	-36.328125	-3.214635	11.593221	
102147	4815.85N	00015.58E	024	018	14331.696	26	55	115	44	174	94.60562	-50.78125	0.78125	-3.214635	11.79661	
102208	4815.95N	00015.64E	020	020	14418.564	26	54	114	44	174	88.74625	-54.6875	0.78125	-3.214635	11.79661	
102229	4816.06N	00015.72E	023	018	14511.833	26	55	115	44	173	94.60562	-50.78125	0.78125	-3.214635	11.728813	
102250	4816.17N	00015.81E	019	025	14601.444	27	55	116	44	173	94.60562	-46.875	2.734375	-3.214635	11.728813	
102311	4816.27N	00015.88E	360	015	14693.799	27	55	114	43	174	94.60562	-54.6875	2.734375	-3.8512468	11.79661	
102332	4816.38N	00015.90E	004	021	14794.992	27	55	115	45	175	94.60562	-50.78125	2.734375	-2.5780232	11.864407	
102353	4816.50N	00015.93E	015	023	14889.48	26	53	115	43	174	82.88687	-50.78125	0.78125	-3.8512468	11.79661	
102414	4816.61N	00015.96E	020	021	14981.529	4	20	116	45	171	-110.4725	-46.875	-42.1875	-2.5780232	11.593221	
102435	4816.71N	00015.98E	014	023	15069.922	26	53	115	45	174	82.88687	-50.78125	0.78125	-2.5780232	11.79661	
102456	4816.80N	00016.02E	353	015	15158.009	26	52	115	44	174	77.0275	-50.78125	0.78125	-3.214635	11.79661	
102517	4816.87N	00016.05E	031	018	15247.925	26	53	115	45	174	82.88687	-50.78125	0.78125	-2.5780232	11.79661	
102538	4816.94N	00016.10E	031	015	15343.327	26	52	115	44	173	77.0275	-50.78125	0.78125	-3.214635	11.728813	
102559	4817.04N	00016.16E	017	020	15443.911	25	51	113	45	175	71.16812	-58.59375	-1.171875	-2.5780232	11.864407	
102620	4817.16N	00016.25E	029	019	15536.57	25	51	115	45	174	71.16812	-50.78125	-1.171875	-2.5780232	11.79661	
102641	4817.25N	00016.35E	050	017	15623.743	25	51	115	43	173	71.16812	-50.78125	-1.171875	-3.8512468	11.728813	
102702	4817.34N	00016.39E	349	025	15736.52	7	21	115	45	172	-104.61313	-50.78125	-36.328125	-2.5780232	11.661017	
102723	4817.44N	00016.39E	001	015	15839.847	5	20	114	44	170	-110.4725	-54.6875	-40.234375	-3.214635	11.525424	
102744	4817.54N	00016.40E	016	019	15928.543	25	51	115	44	174	71.16812	-50.78125	-1.171875	-3.214635	11.79661	
102805	4817.65N	00016.45E	011	024	16018.765	24	50	114	44	173	65.30875	-54.6875	-3.125	-3.214635	11.728813	
102826	4817.73N	00016.53E	036	013	16118.434	25	50	115	45	174	65.30875	-50.78125	-1.171875	-2.5780232	11.79661	
102847	4817.80N	00016.62E	071	011	16212.617	25	49	115	43	173	59.44937	-50.78125	-1.171875	-3.8512468	11.728813	
102908	4817.84N	00016.73E	068	012	16318.992	24	48	114	45	174	53.589996	-54.6875	-3.125	-2.5780232	11.79661	
102929	4817.85N	00016.76E	059	007	16448.227	24	48	115	44	173	53.589996	-50.78125	-3.125	-3.214635	11.728813	
102950	4817.86N	00016.75E	329	011	16561.004	25	48	115	43	173	53.589996	-50.78125	-1.171875	-3.8512468	11.728813	
103011	4817.89N	00016.69E	276	016	16670.121	4	21	114	45	169	-104.61313	-54.6875	-42.1875	-2.5780232	11.457627	
103032	4817.94N	00016.59E	329	008	16773.45	24	48	114	45	174	53.589996	-54.6875	-3.125	-2.5780232	11.79661	
103053	4818.01N	00016.52E	311	013	16880.738	25	49	115	45	174	59.44937	-50.78125	-1.171875	-2.5780232	11.79661	
103114	4818.09N	00016.45E	341	018	16979.19	24	47	114	43	173	47.73062	-54.6875	-3.125	-3.8512468	11.728813	
103135	4818.20N	00016.40E	349	022	17074.592	24	46	113	45	174	41.871246	-58.59375	-3.125	-2.5780232	11.79661	
103157	4818.32N	00016.37E	011	024	17175.176	24	46	114	45	174	41.871246	-54.6875	-3.125	-2.5780232	11.79661	
103217	4818.43N	00016.38E	020	017	17263.262	25	48	115	45	174	53.589996	-50.78125	-1.171875	-2.5780232	11.79661	
103239	4818.51N	00016.45E	058	018	17364.152	25	47	115	44	173	47.73062	-50.78125	-1.171875	-3.214635	11.728813	
103300	4818.53N	00016.51E	111	004	17479.06	24	46	115	45	174	41.871246	-50.78125	-3.125	-2.5780232	11.79661	
103321	4818.56N	00016.52E	346	007	17579.95	4	21	115	44	170	-104.61313	-50.78125	-42.1875	-3.214635	11.525424	
103342	4818.60N	00016.51E	335	008	17682.973	25	46	115	43	173	41.871246	-50.78125	-1.171875	-3.8512468	11.728813	
103402	4818.65N	00016.50E	310	007	17776.852	25	47	115	45	174	47.73062	-50.78125	-1.171875	-2.5780232	11.79661	
103424	4818.70N	00016.49E	360	008	17880.787	25	46	115	45	174	41.871246	-50.78125	-1.171875	-2.5780232	11.79661	
103445	4818.75N	00016.53E	018	008	17978.02	25	45	114	44	174	36.01187	-54.6875	-1.171875	-3.214635	11.79661	
103506	4818.79N	00016.56E	021	015	18075.86	24	45	114	44	173	36.01187	-54.6875	-3.125	-3.214635	11.728813	
103527	4818.84N	00016.60E	016	011	18174.92	24	44	114	45	174	30.152496	-54.6875	-3.125	-2.5780232	11.79661	
103547	4818.87N	00016.66E	036	011	18267.883	25	45	115	44	172	36.01187	-50.78125	-1.171875	-3.214635	11.661017	
103609	4818.88N	00016.71E	116	009	18373.344	5	21	114	44	171	-104.61313	-54.6875	-40.234375	-3.214635	11.593221	
103630	4818.90N	00016.77E	034	003	18470.271	24	43	114	44	173	24.293121	-54.6875	-3.125	-3.214635	11.728813	
103651	4818.91N	00016.83E	091	003	18569.33	24	44	114	44	174	30.152496	-54.6875	-3.125	-3.214635	11.79661	
103712	4818.91N	00016.86E	080	005	18678.45	23	44	115	45	173	30.152496	-50.78125	-5.078125	-2.5780232	11.728813	
103732	4818.94N	00016.85E	329	007	18781.166	24	44	115	45	174	30.152496	-50.78125	-3.125	-2.5780232	11.79661	
103754	4818.95N	00016.83E	288	006	18886.627	24	43	114	45	174	24.293121	-54.6875	-3.125	-2.5780232	11.79661	
103815	4818.98N	00016.80E	270	006	18987.21	23	43	114	43	172	24.293121	-54.6875	-5.078125	-3.8512468	11.661017	
103836	4818.99N	00016.75E	282	006	19083.527	22	42	114	45	174	18.433746	-54.6875	-7.03125	-2.5780232	11.79661	
103857	4819.00N	00016.71E	206	002	19184.723	24	44	115	44	173	30.152496	-50.78125	-3.125	-3.214635	11.728813	
103917	4819.02N	00016.69E	354	008	19278.6	2	21	115	45	168	-104.61313	-50.78125	-46.09375	-2.5780232	11.389831	
103939	4819.05N	00016.67E	013	009	19380.404	25	44	115	44	173	30.152496	-50.78125	-1.171875	-3.214635	11.728813	
104000	4819.09N	00016.68E	023	010	19482.816	22	42	113	43	174	18.433746	-58.59375	-7.03125	-3.8512468	11.79661	
104021	4819.11N	00016.66E	340	010	19586.143	23	42	114	45	174	18.433746	-54.6875	-5.078125	-2.5780232	11.79661	
104042	4819.13N	00016.62E	311	012	19690.69	24	43	115	44	173	24.293121	-50.78125	-3.125	-3.214635	11.728813	
104102	4819.16N	00016.57E	316	013	19788.836	24	43	115	44	171	24.293121	-50.78125	-3.125	-3.214635	11.593221	
104124	4819.18N	00016.55E	358	006	19901.002	24	43	115	44	172	24.293121	-50.78125	-3.125	-3.214635	11.661017	
104145	4819.20N	00016.56E	047	005	20007.682	22	42	114	44	172	18.433746	-54.6875	-7.03125	-3.214635	11.661017	
104206	4819.23N	00016.61E	074	010	20115.58	2	18	115	45	169	-122.19125	-50.78125	-46.09375	-2.5780232	11.457627	
104227	4819.24N	00016.64E	056	009	20219.518	22	41	114	44	171	12.574371	-54.6875	-7.03125	-3.214635	11.593221	
104247	4819.25N	00016.68E	075	010	20317.664	23	42	115	45	173	18.433746	-50.78125	-5.078125	-2.5780232	11.728813	
104309	4819.26N	00016.70E	092	007	20424.344	24	41	115	44	172	12.574371	-50.78125	-3.125	-3.214635	11.661017	
104330	4819.27N	00016.71E	039	010	20525.842	22	40	115	45	174	6.7149963	-50.78125	-7.03125	-2.5780232	11.79661	
104351	4819.31N	00016.72E	044	008	20626.426	24	41	115	44	174	12.574371	-50.78125	-3.125	-3.214635	11.79661	
104412	4819.34N	00016.73E	033	003	20727.01	22	40	114	45	174	6.7149963	-54.6875	-7.03125	-2.5780232	11.79661	
104433	4819.34N	00016.75E	065	010	20824.852	23	41	115	45	173	12.574371	-50.78125	-5.078125	-2.5780232	11.728813	
104454	4819.33N	00016.77E	158	006	20927.873	23	41	115	44	173	12.574371	-50.78125	-5.078125	-3.214635	11.728813	
104515	4819.30N	00016.76E	186	005	21032.725	3	19	113	43	170	-116.33188	-58.59375	-44.140625	-3.8512468	11.525424	
104536	4819.30N	00016.70E	295	009	21142.453	23	41	115	43	171	12.574371	-50.78125	-5.078125	-3.8512468	11.593221	
104557	4819.31N	00016.66E	311	009	21247.303	23	41	115	44	173	12.574371	-50.78125	-5.078125	-3.214635	11.728813	
104618	4819.31N	00016.64E	229	003	21357.336	23	40	114	43	171	6.7149963	-54.6875	-5.078125	-3.8512468	11.593221	
104639	4819.27N	00016.63E	176	009	21471.027	23	41	115	44	173	12.574371	-50.78125	-5.078125	-3.214635	11.728813	
104700	4819.23N	00016.61E	193	009	21585.936	22	39	114	43	173	0.85562134	-54.6875	-7.03125	-3.8512468	11.728813	
104721	4819.21N	00016.55E	213	006	21698.713	23	41	116	45	172	12.574371	-46.875	-5.078125	-2.5780232	11.661017	
104742	4819.23N	00016.50E	320	002	21811.488	22	40	115	44	173	6.7149963	-50.78125	-7.03125	-3.214635	11.728813	
104803	4819.24N	00016.49E	318	003	21923.654	3	20	115	43	169	-110.4725	-50.78125	-44.140625	-3.8512468	11.457627	
104824	4819.23N	00016.49E	107	001	22036.125	2	18	114	45	169	-122.19125	-54.6875	-46.09375	-2.5780232	11.457627	
104845	4819.23N	00016.51E	197	006	22146.158	22	38	114	45	172	-5.0037537	-54.6875	-7.03125	-2.5780232	11.661017	
104906	4819.21N	00016.49E	213	010	22253.45	22	38	115	43	173	-5.0037537	-50.78125	-7.03125	-3.8512468	11.728813	
104927	4819.19N	00016.44E	222	009	22362.871	22	39	115	43	171	0.85562134	-50.78125	-7.03125	-3.8512468	11.593221	
104948	4819.18N	00016.40E	165	002	22474.123	23	39	115	45	173	0.85562134	-50.78125	-5.078125	-2.5780232	11.728813	
105009	4819.18N	00016.39E	277	007	22585.984	23	39	114	45	173	0.85562134	-54.6875	-5.078125	-2.5780232	11.728813	
105030	4819.16N	00016.38E	259	010	22696.322	24	39	115	44	173	0.85562134	-50.78125	-3.125	-3.214635	11.728813	
105051	4819.14N	00016.32E	255	013	22812.146	22	38	114	44	172	-5.0037537	-54.6875	-7.03125	-3.214635	11.661017	
105112	4819.11N	00016.23E	242	010	22927.361	2	21	115	45	167	-104.61313	-50.78125	-46.09375	-2.5780232	11.322034	
105133	4819.09N	00016.14E	244	009	23044.404	23	38	114	45	172	-5.0037537	-54.6875	-5.078125	-2.5780232	11.661017	
105154	4819.09N	00016.05E	265	004	23164.8	22	38	113	45	173	-5.0037537	-58.59375	-7.03125	-2.5780232	11.728813	
105215	4819.09N	00015.96E	293	004	23287.025	22	37	113	44	173	-10.863129	-58.59375	-7.03125	-3.214635	11.728813	
105236	4819.12N	00015.91E	000	000	23407.422	22	38	115	44	172	-5.0037537	-50.78125	-7.03125	-3.214635	11.661017	
105257	4819.13N	00015.89E	258	002	23527.512	22	37	114	45	173	-10.863129	-54.6875	-7.03125	-2.5780232	11.728813	
105318	4819.13N	00015.90E	297	004	23645.166	22	38	115	43	172	-5.0037537	-50.78125	-7.03125	-3.8512468	11.661017	
105339	4819.12N	00015.91E	277	005	23759.16	22	36	115	45	172	-16.722504	-50.78125	-7.03125	-2.5780232	11.661017	
105400	4819.12N	00015.91E	248	003	23871.326	22	36	114	44	172	-16.722504	-54.6875	-7.03125	-3.214635	11.661017	
105421	4819.10N	00015.90E	096	007	23981.36	2	18	114	45	167	-122.19125	-54.6875	-46.09375	-2.5780232	11.322034	
105442	4819.06N	00015.90E	210	012	24093.525	23	37	115	45	173	-10.863129	-50.78125	-5.078125	-2.5780232	11.728813	
105503	4819.01N	00015.84E	256	014	24202.95	22	36	113	44	173	-16.722504	-58.59375	-7.03125	-3.214635	11.728813	
105524	4818.98N	00015.76E	275	015	24312.678	22	37	115	45	173	-10.863129	-50.78125	-7.03125	-2.5780232	11.728813	
105545	4818.98N	00015.66E	312	015	24429.111	22	36	115	44	171	-16.722504	-50.78125	-7.03125	-3.214635	11.593221	
105606	4819.00N	00015.56E	274	010	24540.363	23	37	115	44	172	-10.863129	-50.78125	-5.078125	-3.214635	11.661017	
105627	4819.01N	00015.50E	233	006	24656.492	22	37	116	44	172	-10.863129	-46.875	-7.03125	-3.214635	11.661017	
105648	4819.00N	00015.49E	189	006	24771.705	23	37	115	43	171	-10.863129	-50.78125	-5.078125	-3.8512468	11.593221	
105709	4818.98N	00015.48E	077	004	24888.443	3	19	116	43	169	-116.33188	-46.875	-44.140625	-3.8512468	11.457627	
105730	4818.94N	00015.49E	165	003	25006.707	22	36	115	44	169	-16.722504	-50.78125	-7.03125	-3.214635	11.457627	
105751	4818.90N	00015.45E	175	008	25124.36	23	37	116	44	170	-10.863129	-46.875	-5.078125	-3.214635	11.525424	
105812	4818.83N	00015.39E	205	014	25238.355	23	37	115	45	172	-10.863129	-50.78125	-5.078125	-2.5780232	11.661017	
105833	4818.76N	00015.31E	234	017	25355.398	22	35	114	44	171	-22.581879	-54.6875	-7.03125	-3.214635	11.593221	
105855	4818.70N	00015.19E	240	021	25477.623	23	37	116	45	172	-10.863129	-46.875	-5.078125	-2.5780232	11.661017	
105916	4818.64N	00015.06E	232	025	25595.275	23	37	116	45	171	-10.863129	-46.875	-5.078125	-2.5780232	11.593221	
105937	4818.59N	00014.91E	249	024	25717.805	22	36	116	44	172	-16.722504	-46.875	-7.03125	-3.214635	11.661017	
110019	4818.55N	00014.57E	280	018	25953.416	2	18	115	45	167	-122.19125	-50.78125	-46.09375	-2.5780232	11.322034	
110040	4818.57N	00014.42E	313	016	26072.896	23	37	116	43	170	-10.863129	-46.875	-5.078125	-3.8512468	11.525424	
110101	4818.59N	00014.32E	304	013	26193.598	23	36	116	42	171	-16.722504	-46.875	-5.078125	-4.487859	11.593221	
110122	4818.62N	00014.24E	238	010	26310.945	22	36	116	44	172	-16.722504	-46.875	-7.03125	-3.214635	11.661017	
110142	4818.62N	00014.17E	226	009	26426.16	23	36	116	44	172	-16.722504	-46.875	-5.078125	-3.214635	11.661017	
110204	4818.62N	00014.08E	285	007	26549.604	23	37	117	44	172	-10.863129	-42.96875	-5.078125	-3.214635	11.661017	
110225	4818.64N	00014.01E	278	013	26669.39	22	36	117	44	171	-16.722504	-42.96875	-7.03125	-3.214635	11.593221	
110246	4818.65N	00013.91E	308	011	26787.043	22	36	117	43	172	-16.722504	-42.96875	-7.03125	-3.8512468	11.661017	
110307	4818.66N	00013.81E	288	016	26904.086	4	21	117	45	168	-104.61313	-42.96875	-42.1875	-2.5780232	11.389831	
110327	4818.68N	00013.70E	267	010	27012.291	23	37	117	42	169	-10.863129	-42.96875	-5.078125	-4.487859	11.457627	
110349	4818.73N	00013.59E	279	011	27138.174	22	34	116	45	172	-28.441254	-46.875	-7.03125	-2.5780232	11.661017	
110410	4818.76N	00013.46E	293	023	27257.35	22	34	115	44	172	-28.441254	-50.78125	-7.03125	-3.214635	11.661017	
110431	4818.82N	00013.35E	312	013	27378.66	23	35	117	44	172	-22.581879	-42.96875	-5.078125	-3.214635	11.661017	
110452	4818.88N	00013.28E	350	014	27502.408	22	35	117	43	172	-22.581879	-42.96875	-7.03125	-3.8512468	11.661017	
110512	4818.95N	00013.21E	339	009	27623.11	23	36	116	45	172	-16.722504	-46.875	-5.078125	-2.5780232	11.661017	
110534	4819.01N	00013.18E	355	014	27766.365	22	35	117	43	171	-22.581879	-42.96875	-7.03125	-3.8512468	11.593221	
110555	4819.06N	00013.11E	282	015	27890.725	23	36	118	44	172	-16.722504	-39.0625	-5.078125	-3.214635	11.661017	
110616	4819.10N	00013.01E	330	018	28015.387	3	19	118	45	167	-116.33188	-39.0625	-44.140625	-2.5780232	11.322034	
110637	4819.17N	00012.97E	336	009	28146.756	23	36	118	44	172	-16.722504	-39.0625	-5.078125	-3.214635	11.661017	
110657	4819.23N	00012.92E	332	016	28266.543	23	36	117	45	172	-16.722504	-42.96875	-5.078125	-2.5780232	11.661017	
110719	4819.31N	00012.83E	337	022	28400.35	23	35	118	43	172	-22.581879	-39.0625	-5.078125	-3.8512468	11.661017	
110740	4819.38N	00012.79E	017	009	28523.488	23	36	117	43	172	-16.722504	-42.96875	-5.078125	-3.8512468	11.661017	
110904	4819.52N	00012.62E	323	016	29030.371	3	18	117	42	170	-122.19125	-42.96875	-44.140625	-4.487859	11.525424	
110946	4819.60N	00012.46E	315	014	29288.537	22	34	118	44	172	-28.441254	-39.0625	-7.03125	-3.214635	11.661017	
111049	4819.87N	00012.23E	342	028	29660.393	22	34	117	43	172	-28.441254	-42.96875	-7.03125	-3.8512468	11.661017	
111110	4819.99N	00012.15E	327	022	29779.875	23	35	118	43	172	-22.581879	-39.0625	-5.078125	-3.8512468	11.661017	
111131	4820.12N	00012.08E	352	025	29893.87	22	34	117	44	171	-28.441254	-42.96875	-7.03125	-3.214635	11.593221	
111152	4820.22N	00012.04E	350	014	30011.523	22	34	118	42	170	-28.441254	-39.0625	-7.03125	-4.487859	11.525424	
111213	4820.31N	00012.03E	011	013	30130.09	2	18	120	43	168	-122.19125	-31.25	-46.09375	-3.8512468	11.389831	
111234	4820.38N	00012.02E	338	010	30245.0	23	34	120	42	171	-28.441254	-31.25	-5.078125	-4.487859	11.593221	
111255	4820.48N	00011.99E	336	022	30365.396	23	34	118	44	172	-28.441254	-39.0625	-5.078125	-3.214635	11.661017	
111316	4820.53N	00011.93E	258	003	30484.268	23	35	119	43	171	-22.581879	-35.15625	-5.078125	-3.8512468	11.593221	
000000	0000.00N	00000.00E	000	000	0.0	23	34	118	45	172	-28.441254	-39.0625	-5.078125	-2.5780232	11.661017	
111605	4821.07N	00011.70E	328	017	30080.713	22	34	117	44	172	-28.441254	-42.96875	-7.03125	-3.214635	11.661017	
111626	4821.10N	00011.56E	276	034	28877.666	22	34	116	42	171	-28.441254	-46.875	-7.03125	-4.487859	11.593221	
111647	4821.16N	00011.46E	336	023	27966.314	22	34	117	43	170	-28.441254	-42.96875	-7.03125	-3.8512468	11.525424	
111707	4821.15N	00011.41E	301	016	27289.049	22	34	115	45	172	-28.441254	-50.78125	-7.03125	-2.5780232	11.661017	
111729	4821.18N	00011.31E	282	018	26543.812	24	36	116	43	172	-16.722504	-46.875	-3.125	-3.8512468	11.661017	
111750	4821.20N	00011.24E	291	012	25860.756	22	36	116	42	171	-16.722504	-46.875	-7.03125	-4.487859	11.593221	
111811	4821.20N	00011.08E	271	011	25233.174	5	21	114	42	168	-104.61313	-54.6875	-40.234375	-4.487859	11.389831	
111832	4821.15N	00011.08E	145	013	24632.107	24	37	114	43	169	-10.863129	-54.6875	-3.125	-3.8512468	11.457627	
111852	4821.13N	00011.02E	220	009	24063.352	22	36	114	45	172	-16.722504	-54.6875	-7.03125	-2.5780232	11.661017	
111914	4821.11N	00010.98E	187	013	23491.24	23	38	113	45	172	-5.0037537	-58.59375	-5.078125	-2.5780232	11.661017	
111935	4821.11N	00010.94E	202	011	22965.156	24	39	115	45	172	0.85562134	-50.78125	-3.125	-2.5780232	11.661017	
111956	4821.09N	00010.90E	160	012	22466.2	23	39	113	43	170	0.85562134	-58.59375	-5.078125	-3.8512468	11.525424	
112017	4821.10N	00010.89E	269	011	21998.635	23	39	113	45	172	0.85562134	-58.59375	-5.078125	-2.5780232	11.661017	
112037	4821.07N	00010.84E	179	015	21572.83	22	40	114	44	170	6.7149963	-54.6875	-7.03125	-3.214635	11.525424	
112059	4821.07N	00010.79E	324	018	21119.592	23	40	113	44	171	6.7149963	-58.59375	-5.078125	-3.214635	11.593221	
112120	4821.09N	00010.77E	351	016	20701.102	3	19	114	45	167	-116.33188	-54.6875	-44.140625	-2.5780232	11.322034	
112141	4821.14N	00010.68E	326	012	20306.996	22	40	113	45	171	6.7149963	-58.59375	-7.03125	-2.5780232	11.593221	
112202	4821.17N	00010.73E	215	005	19921.12	24	42	114	44	171	18.433746	-54.6875	-3.125	-3.214635	11.593221	
112222	4821.18N	00010.74E	039	008	19531.28	23	42	114	45	172	18.433746	-54.6875	-5.078125	-2.5780232	11.661017	
112244	4821.22N	00010.76E	070	001	19093.89	22	42	113	44	171	18.433746	-58.59375	-7.03125	-3.214635	11.593221	
112305	4821.25N	00010.76E	030	009	18690.336	23	45	115	43	172	36.01187	-50.78125	-5.078125	-3.8512468	11.661017	
112326	4821.25N	00010.79E	298	003	18301.717	23	44	114	45	171	30.152496	-54.6875	-5.078125	-2.5780232	11.593221	
112347	4821.27N	00010.83E	096	006	17930.775	24	46	115	45	172	41.871246	-50.78125	-3.125	-2.5780232	11.661017	
112408	4821.31N	00010.84E	040	008	17571.111	2	18	115	45	168	-122.19125	-50.78125	-46.09375	-2.5780232	11.389831	
112429	4821.34N	00010.88E	024	019	17216.934	22	46	114	44	169	41.871246	-54.6875	-7.03125	-3.214635	11.457627	
112511	4821.54N	00010.78E	290	015	16531.742	22	48	114	45	170	53.589996	-54.6875	-7.03125	-2.5780232	11.525424	
112532	4821.57N	00010.79E	083	008	16197.377	23	50	115	45	171	65.30875	-50.78125	-5.078125	-2.5780232	11.593221	
112553	4821.65N	00010.85E	021	007	15870.632	22	51	114	46	172	71.16812	-54.6875	-7.03125	-1.9414114	11.661017	
112614	4821.73N	00010.91E	028	015	15553.03	22	50	114	43	171	65.30875	-54.6875	-7.03125	-3.8512468	11.593221	
112656	4821.88N	00011.00E	026	006	14957.1455	22	52	115	44	171	77.0275	-50.78125	-7.03125	-3.214635	11.593221	
112717	4821.95N	00011.05E	007	015	14666.977	2	21	116	46	166	-104.61313	-46.875	-46.09375	-1.9414114	11.254237	
112738	4822.06N	00011.12E	008	024	14387.475	22	55	114	45	171	94.60562	-54.6875	-7.03125	-2.5780232	11.593221	
112759	4822.18N	00011.21E	010	030	14115.593	23	55	114	44	170	94.60562	-54.6875	-5.078125	-3.214635	11.525424	
112820	4822.33N	00011.29E	011	031	13848.893	23	57	115	45	170	106.32437	-50.78125	-5.078125	-2.5780232	11.525424	
112841	4822.45N	00011.30E	014	025	13579.145	22	57	115	45	171	106.32437	-50.78125	-7.03125	-2.5780232	11.593221	
112902	4822.57N	00011.29E	014	019	13317.321	22	59	116	45	171	118.04312	-46.875	-7.03125	-2.5780232	11.593221	
112923	4822.73N	00011.27E	357	021	13054.584	23	61	116	45	169	129.76187	-46.875	-5.078125	-2.5780232	11.457627	
112944	4822.88N	00011.26E	336	029	12799.771	22	61	116	45	171	129.76187	-46.875	-7.03125	-2.5780232	11.593221	
113005	4823.03N	00011.24E	360	033	12548.921	2	20	116	46	167	-110.4725	-46.875	-46.09375	-1.9414114	11.322034	
113026	4823.19N	00011.19E	357	025	12303.252	2	18	115	44	168	-122.19125	-50.78125	-46.09375	-3.214635	11.389831	
113047	4823.31N	00011.13E	334	014	12060.326	23	65	117	46	171	153.19937	-42.96875	-5.078125	-1.9414114	11.593221	
113108	4823.41N	00011.13E	355	024	11818.315	23	65	116	45	171	153.19937	-46.875	-5.078125	-2.5780232	11.593221	
113129	4823.52N	00011.16E	028	023	11579.962	23	68	117	45	171	170.7775	-42.96875	-5.078125	-2.5780232	11.593221	
113150	4823.66N	00011.20E	003	020	11348.009	22	68	116	44	171	170.7775	-46.875	-7.03125	-3.214635	11.593221	
113211	4823.81N	00011.24E	012	035	11123.066	23	69	116	45	169	176.63687	-46.875	-5.078125	-2.5780232	11.457627	
113232	4823.98N	00011.24E	009	025	10906.963	22	70	117	45	170	182.49625	-42.96875	-7.03125	-2.5780232	11.525424	
113253	4824.15N	00011.22E	000	024	10701.833	22	72	116	44	171	194.215	-46.875	-7.03125	-3.214635	11.593221	
113314	4824.31N	00011.15E	324	026	10502.494	2	23	116	44	167	-92.89438	-46.875	-46.09375	-3.214635	11.322034	
113335	4824.43N	00011.07E	323	020	10304.374	23	75	117	44	169	211.79312	-42.96875	-5.078125	-3.214635	11.457627	
113356	4824.52N	00011.06E	349	021	10107.473	22	75	117	45	171	211.79312	-42.96875	-7.03125	-2.5780232	11.593221	
113417	4824.62N	00011.08E	025	026	9912.401	22	76	116	45	171	217.6525	-46.875	-7.03125	-2.5780232	11.593221	
113438	4824.77N	00011.12E	003	024	9716.109	23	79	117	47	170	235.23062	-42.96875	-5.078125	-1.3047997	11.525424	
113459	4824.96N	00011.10E	347	038	9519.209	22	79	115	46	171	235.23062	-50.78125	-7.03125	-1.9414114	11.593221	
113520	4825.12N	00011.03E	354	021	9326.575	22	81	117	45	171	246.94937	-42.96875	-7.03125	-2.5780232	11.593221	
113541	4825.26N	00010.97E	327	029	9134.552	22	81	116	44	171	246.94937	-46.875	-7.03125	-3.214635	11.593221	
113602	4825.40N	00010.88E	345	032	8949.538	3	39	116	46	166	0.85562134	-46.875	-44.140625	-1.9414114	11.254237	
113623	4825.58N	00010.76E	331	026	8769.096	0	34	116	44	165	-28.441254	-46.875	-50.0	-3.214635	11.18644	
113644	4825.73N	00010.70E	345	031	8588.654	23	87	117	47	170	282.10562	-42.96875	-5.078125	-1.3047997	11.525424	
113705	4825.87N	00010.63E	346	021	8410.347	22	88	117	44	167	287.965	-42.96875	-7.03125	-3.214635	11.322034	
113726	4826.03N	00010.55E	335	034	8233.5625	21	89	116	47	169	293.82437	-46.875	-8.984375	-1.3047997	11.457627	
113747	4826.18N	00010.47E	350	024	8057.693	20	91	116	46	167	305.54312	-46.875	-10.9375	-1.9414114	11.322034	
113809	4826.36N	00010.41E	340	027	7873.5938	20	91	117	46	169	305.54312	-42.96875	-10.9375	-1.9414114	11.457627	
113830	4826.54N	00010.36E	350	037	7698.029	20	94	117	47	169	323.12125	-42.96875	-10.9375	-1.3047997	11.457627	
113851	4826.70N	00010.28E	342	022	7522.769	20	94	116	46	168	323.12125	-46.875	-10.9375	-1.9414114	11.389831	
113912	4826.84N	00010.29E	015	028	7355.4336	1	52	118	49	167	77.0275	-39.0625	-48.046875	-0.031576086	11.322034	
113932	4826.96N	00010.33E	356	025	7200.9	21	99	117	47	168	352.41812	-42.96875	-8.984375	-1.3047997	11.389831	
113954	4827.11N	00010.35E	010	028	7035.089	19	99	117	46	167	352.41812	-42.96875	-12.890625	-1.9414114	11.322034	
114015	4827.24N	00010.34E	348	018	6876.288	20	100	117	47	167	358.2775	-42.96875	-10.9375	-1.3047997	11.322034	
114036	4827.35N	00010.36E	006	021	6722.669	19	103	117	53	169	375.85562	-42.96875	-12.890625	2.5148711	11.457627	
114057	4827.43N	00010.38E	043	009	6571.4883	21	104	117	57	169	381.715	-42.96875	-8.984375	5.0613184	11.457627	
114117	4827.50N	00010.42E	032	017	6424.5747	19	106	118	64	167	393.43375	-39.0625	-12.890625	9.517601	11.322034	
114139	4827.58N	00010.46E	032	009	6274.308	20	107	119	73	170	399.29312	-35.15625	-10.9375	15.247107	11.525424	
114200	4827.64N	00010.50E	033	016	6136.8433	20	110	119	81	167	416.87125	-35.15625	-10.9375	20.34	11.322034	
114221	4827.69N	00010.52E	355	003	5995.416	1	68	119	87	163	170.7775	-35.15625	-48.046875	24.159672	11.050847	
114242	4827.73N	00010.55E	006	012	5855.5127	21	112	118	94	170	428.59	-39.0625	-8.984375	28.615953	11.525424	
114302	4827.77N	00010.58E	061	007	5718.9624	21	114	119	105	170	440.30875	-35.15625	-8.984375	35.618687	11.525424	
114324	4827.83N	00010.64E	008	014	5571.1343	20	115	120	111	167	446.16812	-31.25	-10.9375	39.43836	11.322034	
114345	4827.88N	00010.69E	059	012	5428.4883	21	118	119	115	170	463.74625	-35.15625	-8.984375	41.984802	11.525424	
114406	4827.94N	00010.74E	002	013	5288.2803	19	120	120	121	170	475.465	-31.25	-12.890625	45.804474	11.525424	
114427	4827.99N	00010.77E	060	008	5140.452	21	120	119	127	170	475.465	-35.15625	-8.984375	49.624146	11.525424	
114447	4828.03N	00010.80E	047	013	5009.693	21	122	121	132	168	487.18375	-27.34375	-8.984375	52.807205	11.389831	
114509	4828.09N	00010.84E	349	007	4866.7417	3	82	121	141	164	252.80875	-27.34375	-44.140625	58.53671	11.118644	
000000	0000.00N	00000.00E	000	000	0.0	21	127	122	149	165	516.4806	-23.4375	-8.984375	63.629604	11.18644	
114552	4828.18N	00010.89E	051	009	4582.0586	21	128	121	158	166	522.33997	-27.34375	-8.984375	69.35911	11.254237	
000000	0000.00N	00000.00E	000	000	0.0	20	129	122	162	167	528.19934	-23.4375	-10.9375	71.905556	11.322034	
000000	0000.00N	00000.00E	000	000	0.0	21	132	121	165	170	545.77747	-27.34375	-8.984375	73.81539	11.525424	
000000	0000.00N	00000.00E	000	000	0.0	20	132	121	165	169	545.77747	-27.34375	-10.9375	73.81539	11.457627	
000000	0000.00N	00000.00E	000	000	0.0	20	134	121	170	167	557.4962	-27.34375	-10.9375	76.99845	11.322034	
000000	0000.00N	00000.00E	000	000	0.0	21	136	121	172	169	569.21497	-27.34375	-8.984375	78.271675	11.457627	
000000	0000.00N	00000.00E	000	000	0.0	21	148	124	187	170	639.52747	-15.625	-8.984375	87.820854	11.525424	
000000	0000.00N	00000.00E	000	000	0.0	19	150	123	191	170	651.2462	-19.53125	-12.890625	90.3673	11.525424	
115122	4828.94N	00011.77E	021	014	2544.4705	3	112	124	203	166	428.59	-15.625	-44.140625	98.00664	11.254237	
000000	0000.00N	00000.00E	000	000	0.0	21	158	125	206	169	698.1212	-11.71875	-8.984375	99.91647	11.457627	
000000	0000.00N	00000.00E	000	000	0.0	20	165	124	211	169	739.13684	-15.625	-10.9375	103.09953	11.457627	
000000	0000.00N	00000.00E	000	000	0.0	21	174	117	214	168	791.8712	-42.96875	-8.984375	105.00937	11.389831	
000000	0000.00N	00000.00E	000	000	0.0	22	168	124	214	169	756.71497	-15.625	-7.03125	105.00937	11.457627	
000000	0000.00N	00000.00E	000	000	0.0	22	169	126	216	167	762.57434	-7.8125	-7.03125	106.28259	11.322034	
000000	0000.00N	00000.00E	000	000	0.0	20	170	124	215	170	768.4337	-15.625	-10.9375	105.64598	11.525424	
000000	0000.00N	00000.00E	000	000	0.0	22	173	125	218	170	786.01184	-11.71875	-7.03125	107.55582	11.525424	
115603	4829.54N	00012.56E	009	016	850.392	23	187	126	129	169	868.0431	-7.8125	-5.078125	50.89737	11.457627	
115624	4829.61N	00012.60E	019	008	730.6056	22	189	128	130	169	879.76184	0.0	-7.03125	51.53398	11.457627	
115645	4829.67N	00012.65E	060	013	606.2472	22	190	128	131	170	885.6212	0.0	-7.03125	52.170593	11.525424	
000000	0000.00N	00000.00E	000	000	0.0	6	148	128	127	165	639.52747	0.0	-38.28125	49.624146	11.18644	
